take a possible walk in the garden with 64 steps;NaN
0;1;NaN
1;4;3
2;9;5
3;13;4
4;23;10
5;30;7
6;44;14
7;55;11
8;73;18
9;88;15
10;110;22
11;124;14
12;149;25
13;170;21
14;200;30
15;221;21
16;256;35
17;282;26
18;318;36
19;352;34
20;388;36
21;424;36
22;466;42
23;503;37
24;554;51
25;594;40
26;647;53
27;688;41
28;741;53
29;792;51
30;845;53
31;904;59
32;958;54
33;1020;62
34;1074;54
35;1149;75
36;1205;56
37;1280;75
38;1332;52
39;1413;81
40;1469;56
41;1555;86
42;1621;66
43;1699;78
44;1773;74
45;1850;77
46;1940;90
47;2014;74
48;2104;90
49;2183;79
50;2268;85
51;2356;88
52;2442;86
53;2537;95
54;2631;94
55;2733;102
56;2832;99
57;2937;105
58;3034;97
59;3138;104
60;3245;107
61;3352;107
62;3488;136
63;3605;117
I could reach 3751 different pots!;NaN
lets see, where a really long walk will can take us;NaN
0;1;NaN
1;4;3
2;9;5
3;13;4
4;23;10
5;30;7
6;44;14
7;55;11
8;73;18
9;88;15
10;110;22
11;124;14
12;149;25
13;170;21
14;200;30
15;221;21
16;256;35
17;282;26
18;318;36
19;352;34
20;388;36
21;424;36
22;466;42
23;503;37
24;554;51
25;594;40
26;647;53
27;688;41
28;741;53
29;792;51
30;845;53
31;904;59
32;958;54
33;1020;62
34;1074;54
35;1149;75
36;1205;56
37;1280;75
38;1332;52
39;1413;81
40;1469;56
41;1555;86
42;1621;66
43;1699;78
44;1773;74
45;1850;77
46;1940;90
47;2014;74
48;2104;90
49;2183;79
50;2268;85
51;2356;88
52;2442;86
53;2537;95
54;2631;94
55;2733;102
56;2832;99
57;2937;105
58;3034;97
59;3138;104
60;3245;107
61;3352;107
62;3488;136
63;3605;117
64;3751;146
65;3867;116
66;4015;148
67;4135;120
68;4287;152
69;4379;92
70;4524;145
71;4631;107
72;4776;145
73;4884;108
74;5034;150
75;5144;110
76;5295;151
77;5410;115
78;5567;157
79;5691;124
80;5847;156
81;5977;130
82;6131;154
83;6270;139
84;6417;147
85;6566;149
86;6728;162
87;6858;130
88;7025;167
89;7171;146
90;7327;156
91;7486;159
92;7645;159
93;7814;169
94;7968;154
95;8139;171
96;8294;155
97;8490;196
98;8642;152
99;8845;203
100;8993;148
101;9201;208
102;9352;151
103;9555;203
104;9717;162
105;9920;203
106;10092;172
107;10297;205
108;10458;161
109;10676;218
110;10850;174
111;11068;218
112;11249;181
113;11454;205
114;11657;203
115;11855;198
116;12087;232
117;12268;181
118;12502;234
119;12693;191
120;12919;226
121;13117;198
122;13345;228
123;13554;209
124;13779;225
125;13984;205
126;14227;243
127;14444;217
128;14678;234
129;14894;216
130;15122;228
131;15353;231
132;15582;229
133;15823;241
134;16048;225
135;16304;256
136;16528;224
137;16780;252
138;17010;230
139;17264;254
140;17507;243
141;17780;273
142;17999;219
143;18279;280
144;18500;221
145;18797;297
146;19029;232
147;19313;284
148;19564;251
149;19824;260
150;20102;278
151;20347;245
152;20645;298
153;20894;249
154;21173;279
155;21434;261
156;21724;290
157;21994;270
158;22281;287
159;22536;255
160;22842;306
161;23103;261
162;23418;315
163;23677;259
164;24004;327
165;24268;264
166;24591;323
167;24851;260
168;25174;323
169;25429;255
170;25756;327
171;26020;264
172;26340;320
173;26639;299
174;26925;286
175;27233;308
176;27532;299
177;27864;332
178;28146;282
179;28476;330
180;28768;292
181;29088;320
182;29389;301
183;29723;334
184;30034;311
185;30378;344
186;30688;310
187;31036;348
188;31355;319
189;31690;335
190;32009;319
191;32367;358
192;32681;314
193;33101;420
194;33460;359
195;33904;444
196;34253;349
197;34693;440
198;35045;352
199;35489;444
200;35781;292
201;36177;396
202;36490;313
203;36879;389
204;37195;316
205;37596;401
206;37919;323
207;38314;395
208;38638;324
209;39036;398
210;39372;336
211;39771;399
212;40112;341
213;40510;398
214;40864;354
215;41244;380
216;41615;371
217;42023;408
218;42357;334
219;42760;403
220;43133;373
221;43506;373
222;43904;398
223;44275;371
224;44689;414
225;45052;363
226;45468;416
227;45834;366
228;46289;455
229;46646;357
230;47112;466
231;47460;348
232;47927;467
233;48281;354
234;48729;448
235;49104;375
236;49551;447
237;49945;394
238;50394;449
239;50758;364
240;51231;473
241;51615;384
242;52085;470
243;52482;397
244;52920;438
245;53362;442
246;53778;416
247;54270;492
248;54652;382
249;55147;495
250;55545;398
251;56020;475
252;56428;408
253;56902;474
254;57332;430
255;57798;466
256;58215;417
257;58710;495
258;59148;438
259;59622;474
260;60057;435
261;60514;457
262;60975;461
263;61430;455
264;61907;477
265;62353;446
266;62855;502
267;63296;441
268;63786;490
269;64235;449
270;64725;490
271;65196;471
272;65720;524
273;66144;424
274;66679;535
275;67100;421
276;67664;564
277;68107;443
278;68640;533
279;69116;476
280;69600;484
281;70122;522
282;70576;454
283;71136;560
284;71592;456
285;72113;521
286;72584;471
287;73124;540
288;73611;487
289;74144;533
290;74601;457
291;75162;561
292;75631;469
293;76202;571
294;76666;464
295;77258;592
296;77732;474
297;78303;571
298;78767;464
299;79338;571
300;79796;458
301;80369;573
302;80841;472
303;81395;554
304;81927;532
305;82421;494
306;82963;542
307;83484;521
308;84058;574
309;84548;490
310;85118;570
311;85623;505
312;86178;555
313;86692;514
314;87274;582
315;87801;527
316;88395;594
317;88913;518
318;89510;597
319;90043;533
320;90616;573
321;91150;534
322;91759;609
323;92280;521
324;92984;704
325;93585;601
326;94327;742
327;94909;582
328;95641;732
329;96225;584
330;96961;736
331;97453;492
332;98100;647
333;98619;519
334;99252;633
335;99776;524
336;100428;652
337;100964;536
338;101603;639
339;102136;533
340;102775;639
341;103323;548
342;103965;642
343;104517;552
344;105159;642
345;105728;569
346;106341;613
347;106934;593
348;107588;654
349;108126;538
350;108765;639
351;109365;600
352;109955;590
353;110592;637
354;111175;583
355;111834;659
356;112406;572
357;113067;661
358;113644;577
359;114358;714
360;114920;562
361;115649;729
362;116197;548
363;116923;726
364;117480;557
365;118173;693
366;118761;588
367;119452;691
368;120068;616
369;120761;693
370;121328;567
371;122056;728
372;122650;594
373;123372;722
374;123985;613
375;124656;671
376;125337;681
377;125971;634
378;126723;752
379;127306;583
380;128062;756
381;128667;605
382;129391;724
383;130009;618
384;130729;720
385;131380;651
386;132087;707
387;132716;629
388;133463;747
389;134122;659
390;134836;714
391;135490;654
392;136176;686
393;136867;691
394;137548;681
395;138261;713
396;138928;667
397;139676;748
398;140334;658
399;141062;728
400;141730;668
401;142456;726
402;143155;699
403;143930;775
404;144559;629
405;145349;790
406;145970;621
407;146801;831
408;147455;654
409;148237;782
410;148938;701
411;149646;708
412;150412;766
413;151075;663
414;151897;822
415;152560;663
416;153323;763
417;154004;681
418;154794;790
419;155498;704
420;156277;779
421;156936;659
422;157752;816
423;158429;677
424;159256;827
425;159925;669
426;160782;857
427;161466;684
428;162285;819
429;162953;668
430;163772;819
431;164433;661
432;165252;819
433;165932;680
434;166720;788
435;167485;765
436;168187;702
437;168963;776
438;169706;743
439;170522;816
440;171220;698
441;172030;810
442;172748;718
443;173538;790
444;174265;727
445;175095;830
446;175838;743
447;176682;844
448;177408;726
449;178254;846
450;179001;747
451;179812;811
452;180561;749
453;181421;860
454;182149;728
455;183137;988
456;183980;843
457;185020;1040
458;185835;815
459;186859;1024
460;187675;816
461;188703;1028
462;189395;692
463;190293;898
464;191018;725
465;191895;877
466;192627;732
467;193530;903
468;194279;749
469;195162;883
470;195904;742
471;196784;880
472;197544;760
473;198429;885
474;199192;763
475;200078;886
476;200862;784
477;201708;846
478;202523;815
479;203423;900
480;204165;742
481;205040;875
482;205867;827
483;206674;807
484;207550;876
485;208345;795
486;209249;904
487;210030;781
488;210936;906
489;211724;788
490;212697;973
491;213464;767
492;214456;992
493;215204;748
494;216189;985
495;216949;760
496;217887;938
497;218688;801
498;219623;935
499;220461;838
500;221398;937
501;222168;770
502;223151;983
503;223955;804
504;224929;974
505;225758;829
506;226662;904
507;227582;920
508;228434;852
509;229446;1012
510;230230;784
511;231247;1017
512;232059;812
513;233032;973
514;233860;828
515;234826;966
516;235698;872
517;236646;948
518;237487;841
519;238486;999
520;239366;880
521;240320;954
522;241193;873
523;242108;915
524;243029;921
525;243936;907
526;244885;949
527;245773;888
528;246767;994
529;247642;875
530;248608;966
531;249495;887
532;250457;962
533;251384;927
534;252410;1026
535;253244;834
536;254289;1045
537;255110;821
538;256208;1098
539;257073;865
540;258104;1031
541;259030;926
542;259962;932
543;260972;1010
544;261844;872
545;262928;1084
546;263798;870
547;264803;1005
548;265694;891
549;266734;1040
550;267655;921
551;268680;1025
552;269541;861
553;270612;1071
554;271497;885
555;272580;1083
556;273454;874
557;274576;1122
558;275470;894
559;276537;1067
560;277409;872
561;278476;1067
562;279340;864
563;280405;1065
564;281293;888
565;282315;1022
566;283313;998
567;284223;910
568;285233;1010
569;286198;965
570;287256;1058
571;288162;906
572;289212;1050
573;290143;931
574;291168;1025
575;292108;940
576;293186;1078
577;294145;959
578;295239;1094
579;296173;934
580;297268;1095
581;298229;961
582;299278;1049
583;300242;964
584;301353;1111
585;302288;935
586;303560;1272
587;304645;1085
588;305983;1338
589;307031;1048
590;308347;1316
591;309395;1048
592;310715;1320
593;311607;892
594;312756;1149
595;313687;931
596;314808;1121
597;315748;940
598;316902;1154
599;317864;962
600;318991;1127
601;319942;951
602;321063;1121
603;322035;972
604;323163;1128
605;324137;974
606;325267;1130
607;326266;999
608;327345;1079
609;328382;1037
610;329528;1146
611;330474;946
612;331585;1111
613;332639;1054
614;333663;1024
615;334778;1115
616;335785;1007
617;336934;1149
618;337924;990
619;339075;1151
620;340074;999
621;341306;1232
622;342278;972
623;343533;1255
624;344481;948
625;345725;1244
626;346688;963
627;347871;1183
628;348885;1014
629;350064;1179
630;351124;1060
631;352305;1181
632;353278;973
633;354516;1238
634;355530;1014
635;356756;1226
636;357801;1045
637;358938;1137
638;360097;1159
639;361167;1070
640;362439;1272
641;363424;985
642;364702;1278
643;365721;1019
644;366943;1222
645;367981;1038
646;369193;1212
647;370286;1093
648;371475;1189
649;372528;1053
650;373779;1251
651;374880;1101
652;376074;1194
653;377166;1092
654;378310;1144
655;379461;1151
656;380594;1133
657;381779;1185
658;382888;1109
659;384128;1240
660;385220;1092
661;386424;1204
662;387530;1106
663;388728;1198
664;389883;1155
665;391160;1277
666;392199;1039
667;393499;1300
668;394520;1021
669;395885;1365
670;396961;1076
671;398241;1280
672;399392;1151
673;400548;1156
674;401802;1254
675;402883;1081
676;404229;1346
677;405306;1077
678;406553;1247
679;407654;1101
680;408944;1290
681;410082;1138
682;411353;1271
683;412416;1063
684;413742;1326
685;414835;1093
686;416174;1339
687;417253;1079
688;418640;1387
689;419744;1104
690;421059;1315
691;422135;1076
692;423450;1315
693;424517;1067
694;425828;1311
695;426924;1096
696;428180;1256
697;429411;1231
698;430529;1118
699;431773;1244
700;432960;1187
701;434260;1300
702;435374;1114
703;436664;1290
704;437808;1144
705;439068;1260
706;440221;1153
707;441547;1326
708;442722;1175
709;444066;1344
710;445208;1142
711;446552;1344
712;447727;1175
713;449014;1287
714;450193;1179
715;451555;1362
716;452697;1142
717;454253;1556
718;455580;1327
719;457216;1636
720;458497;1281
721;460105;1608
722;461385;1280
723;462997;1612
724;464089;1092
725;465489;1400
726;466626;1137
727;467991;1365
728;469139;1148
729;470544;1405
730;471719;1175
731;473090;1371
732;474250;1160
733;475612;1362
734;476796;1184
735;478167;1371
736;479352;1185
737;480726;1374
738;481940;1214
739;483252;1312
740;484511;1259
741;485903;1392
742;487053;1150
743;488400;1347
744;489681;1281
745;490922;1241
746;492276;1354
747;493495;1219
748;494889;1394
749;496088;1199
750;497484;1396
751;498694;1210
752;500185;1491
753;501362;1177
754;502880;1518
755;504028;1148
756;505531;1503
757;506697;1166
758;508125;1428
759;509352;1227
760;510775;1423
761;512057;1282
762;513482;1425
763;514658;1176
764;516151;1493
765;517375;1224
766;518853;1478
767;520114;1261
768;521484;1370
769;522882;1398
770;524170;1288
771;525702;1532
772;526888;1186
773;528427;1539
774;529653;1226
775;531124;1471
776;532372;1248
777;533830;1458
778;535144;1314
779;536574;1430
780;537839;1265
781;539342;1503
782;540664;1322
783;542098;1434
784;543409;1311
785;544782;1373
786;546163;1381
787;547522;1359
788;548943;1421
789;550273;1330
790;551759;1486
791;553068;1309
792;554510;1442
793;555835;1325
794;557269;1434
795;558652;1383
796;560180;1528
797;561424;1244
798;562979;1555
799;564200;1221
800;565832;1632
801;567119;1287
802;568648;1529
803;570024;1376
804;571404;1380
805;572902;1498
806;574192;1290
807;575800;1608
808;577084;1284
809;578573;1489
810;579884;1311
811;581424;1540
812;582779;1355
813;584296;1517
814;585561;1265
815;587142;1581
816;588443;1301
817;590038;1595
818;591322;1284
819;592974;1652
820;594288;1314
821;595851;1563
822;597131;1280
823;598694;1563
824;599964;1270
825;601521;1557
826;602825;1304
827;604315;1490
828;605779;1464
829;607105;1326
830;608583;1478
831;609992;1409
832;611534;1542
833;612856;1322
834;614386;1530
835;615743;1357
836;617238;1495
837;618604;1366
838;620178;1574
839;621569;1391
840;623163;1594
841;624513;1350
842;626106;1593
843;627495;1389
844;629020;1525
845;630414;1394
846;632027;1613
847;633376;1349
848;635216;1840
849;636785;1569
850;638719;1934
851;640233;1514
852;642133;1900
853;643645;1512
854;645549;1904
855;646841;1292
856;648492;1651
857;649835;1343
858;651444;1609
859;652800;1356
860;654456;1656
861;655844;1388
862;657459;1615
863;658828;1369
864;660431;1603
865;661827;1396
866;663441;1614
867;664837;1396
868;666455;1618
869;667884;1429
870;669429;1545
871;670910;1481
872;672548;1638
873;673902;1354
874;675485;1583
875;676993;1508
876;678451;1458
877;680044;1593
878;681475;1431
879;683114;1639
880;684522;1408
881;686163;1641
882;687584;1421
883;689334;1750
884;690716;1382
885;692497;1781
886;693845;1348
887;695607;1762
888;696976;1369
889;698649;1673
890;700089;1440
891;701756;1667
892;703260;1504
893;704929;1669
894;706308;1379
895;708056;1748
896;709490;1434
897;711220;1730
898;712697;1477
899;714300;1603
900;715937;1637
901;717443;1506
902;719235;1792
903;720622;1387
904;722422;1800
905;723855;1433
906;725575;1720
907;727033;1458
908;728737;1704
909;730272;1535
910;731943;1671
911;733420;1477
912;735175;1755
913;736718;1543
914;738392;1674
915;739922;1530
916;741524;1602
917;743135;1611
918;744720;1585
919;746377;1657
920;747928;1551
921;749660;1732
922;751186;1526
923;752866;1680
924;754410;1544
925;756080;1670
926;757691;1611
927;759470;1779
928;760919;1449
929;762729;1810
930;764150;1421
931;766049;1899
932;767547;1498
933;769325;1778
934;770926;1601
935;772530;1604
936;774272;1742
937;775771;1499
938;777641;1870
939;779132;1491
940;780863;1731
941;782384;1521
942;784174;1790
943;785746;1572
944;787509;1763
945;788976;1467
946;790812;1836
947;792321;1509
948;794172;1851
949;795661;1489
950;797578;1917
951;799102;1524
952;800913;1811
953;802397;1484
954;804208;1811
955;805681;1473
956;807484;1803
957;808996;1512
958;810720;1724
959;812417;1697
960;813951;1534
961;815663;1712
962;817294;1631
963;819078;1784
964;820608;1530
965;822378;1770
966;823948;1570
967;825678;1730
968;827257;1579
969;829079;1822
970;830686;1607
971;832530;1844
972;834088;1558
973;835930;1842
974;837533;1603
975;839296;1763
976;840905;1609
977;842769;1864
978;844325;1556
979;846449;2124
980;848260;1811
981;850492;2232
982;852239;1747
983;854431;2192
984;856175;1744
985;858371;2196
986;859863;1492
987;861765;1902
988;863314;1549
989;865167;1853
990;866731;1564
991;868638;1907
992;870239;1601
993;872098;1859
994;873676;1578
995;875520;1844
996;877128;1608
997;878985;1857
998;880592;1607
999;882454;1862
1000;884098;1644
1001;885876;1778
1002;887579;1703
1003;889463;1884
1004;891021;1558
1005;892840;1819
1006;894575;1735
1007;896250;1675
1008;898082;1832
1009;899725;1643
1010;901609;1884
1011;903226;1617
1012;905112;1886
1013;906744;1632
1014;908753;2009
1015;910340;1587
1016;912384;2044
1017;913932;1548
1018;915953;2021
1019;917525;1572
1020;919443;1918
1021;921096;1653
1022;923007;1911
1023;924733;1726
1024;926646;1913
1025;928228;1582
1026;930231;2003
1027;931875;1644
1028;933857;1982
1029;935550;1693
1030;937386;1836
1031;939262;1876
1032;940986;1724
1033;943038;2052
1034;944626;1588
1035;946687;2061
1036;948327;1640
1037;950296;1969
1038;951964;1668
1039;953914;1950
1040;955670;1756
1041;957582;1912
1042;959271;1689
1043;961278;2007
1044;963042;1764
1045;964956;1914
1046;966705;1749
1047;968536;1831
1048;970377;1841
1049;972188;1811
1050;974081;1893
1051;975853;1772
1052;977831;1978
1053;979574;1743
1054;981492;1918
1055;983255;1763
1056;985161;1906
1057;987000;1839
1058;989030;2030
1059;990684;1654
1060;992749;2065
1061;994370;1621
1062;996536;2166
1063;998245;1709
1064;1000272;2027
1065;1002098;1826
1066;1003926;1828
1067;1005912;1986
1068;1007620;1708
1069;1009752;2132
1070;1011450;1698
1071;1013423;1973
1072;1015154;1731
1073;1017194;2040
1074;1018983;1789
1075;1020992;2009
1076;1022661;1669
1077;1024752;2091
1078;1026469;1717
1079;1028576;2107
1080;1030270;1694
1081;1032452;2182
1082;1034186;1734
1083;1036245;2059
1084;1037933;1688
1085;1039992;2059
1086;1041668;1676
1087;1043717;2049
1088;1045437;1720
1089;1047395;1958
1090;1049325;1930
1091;1051067;1742
1092;1053013;1946
1093;1054866;1853
1094;1056892;2026
1095;1058630;1738
1096;1060640;2010
1097;1062423;1783
1098;1064388;1965
1099;1066180;1792
1100;1068250;2070
1101;1070073;1823
1102;1072167;2094
1103;1073933;1766
1104;1076024;2091
1105;1077841;1817
1106;1079842;2001
1107;1081666;1824
1108;1083781;2115
1109;1085544;1763
1110;1087952;2408
1111;1090005;2053
1112;1092535;2530
1113;1094515;1980
1114;1096999;2484
1115;1098975;1976
1116;1101463;2488
1117;1103155;1692
1118;1105308;2153
1119;1107063;1755
1120;1109160;2097
1121;1110932;1772
1122;1113090;2158
1123;1114904;1814
1124;1117007;2103
1125;1118794;1787
1126;1120879;2085
1127;1122699;1820
1128;1124799;2100
1129;1126617;1818
1130;1128723;2106
1131;1130582;1859
1132;1132593;2011
1133;1134518;1925
1134;1136648;2130
1135;1138410;1762
1136;1140465;2055
1137;1142427;1962
1138;1144319;1892
1139;1146390;2071
1140;1148245;1855
1141;1150374;2129
1142;1152200;1826
1143;1154331;2131
1144;1156174;1843
1145;1158442;2268
1146;1160234;1792
1147;1162541;2307
1148;1164289;1748
1149;1166569;2280
1150;1168344;1775
1151;1170507;2163
1152;1172373;1866
1153;1174528;2155
1154;1176476;1948
1155;1178633;2157
1156;1180418;1785
1157;1182676;2258
1158;1184530;1854
1159;1186764;2234
1160;1188673;1909
1161;1190742;2069
1162;1192857;2115
1163;1194799;1942
1164;1197111;2312
1165;1198900;1789
1166;1201222;2322
1167;1203069;1847
1168;1205287;2218
1169;1207165;1878
1170;1209361;2196
1171;1211338;1977
1172;1213491;2153
1173;1215392;1901
1174;1217651;2259
1175;1219636;1985
1176;1221790;2154
1177;1223758;1968
1178;1225818;2060
1179;1227889;2071
1180;1229926;2037
1181;1232055;2129
1182;1234048;1993
1183;1236272;2224
1184;1238232;1960
1185;1240388;2156
1186;1242370;1982
1187;1244512;2142
1188;1246579;2067
1189;1248860;2281
1190;1250719;1859
1191;1253039;2320
1192;1254860;1821
1193;1257293;2433
1194;1259213;1920
1195;1261489;2276
1196;1263540;2051
1197;1265592;2052
1198;1267822;2230
1199;1269739;1917
1200;1272133;2394
1201;1274038;1905
1202;1276253;2215
1203;1278194;1941
1204;1280484;2290
1205;1282490;2006
1206;1284745;2255
1207;1286616;1871
1208;1288962;2346
1209;1290887;1925
1210;1293250;2363
1211;1295149;1899
1212;1297596;2447
1213;1299540;1944
1214;1301847;2307
1215;1303739;1892
1216;1306046;2307
1217;1307925;1879
1218;1310220;2295
1219;1312148;1928
1220;1314340;2192
1221;1316503;2163
1222;1318453;1950
1223;1320633;2180
1224;1322708;2075
1225;1324976;2268
1226;1326922;1946
1227;1329172;2250
1228;1331168;1996
1229;1333368;2200
1230;1335373;2005
1231;1337691;2318
1232;1339730;2039
1233;1342074;2344
1234;1344048;1974
1235;1346388;2340
1236;1348419;2031
1237;1350658;2239
1238;1352697;2039
1239;1355063;2366
1240;1357033;1970
1241;1359725;2692
1242;1362020;2295
1243;1364848;2828
1244;1367061;2213
1245;1369837;2776
1246;1372045;2208
1247;1374825;2780
1248;1376717;1892
1249;1379121;2404
1250;1381082;1961
1251;1383423;2341
1252;1385403;1980
1253;1387812;2409
1254;1389839;2027
1255;1392186;2347
1256;1394182;1996
1257;1396508;2326
1258;1398540;2032
1259;1400883;2343
1260;1402912;2029
1261;1405262;2350
1262;1407336;2074
1263;1409580;2244
1264;1411727;2147
1265;1414103;2376
1266;1416069;1966
1267;1418360;2291
1268;1420549;2189
1269;1422658;2109
1270;1424968;2310
1271;1427035;2067
1272;1429409;2374
1273;1431444;2035
1274;1433820;2376
1275;1435874;2054
1276;1438401;2527
1277;1440398;1997
1278;1442968;2570
1279;1444916;1948
1280;1447455;2539
1281;1449433;1978
1282;1451841;2408
1283;1453920;2079
1284;1456319;2399
1285;1458489;2170
1286;1460890;2401
1287;1462878;1988
1288;1465391;2513
1289;1467455;2064
1290;1469941;2486
1291;1472066;2125
1292;1474368;2302
1293;1476722;2354
1294;1478882;2160
1295;1481454;2572
1296;1483444;1990
1297;1486027;2583
1298;1488081;2054
1299;1490548;2467
1300;1492636;2088
1301;1495078;2442
1302;1497276;2198
1303;1499670;2394
1304;1501783;2113
1305;1504294;2511
1306;1506500;2206
1307;1508894;2394
1308;1511081;2187
1309;1513370;2289
1310;1515671;2301
1311;1517934;2263
1312;1520299;2365
1313;1522513;2214
1314;1524983;2470
1315;1527160;2177
1316;1529554;2394
1317;1531755;2201
1318;1534133;2378
1319;1536428;2295
1320;1538960;2532
1321;1541024;2064
1322;1543599;2575
1323;1545620;2021
1324;1548320;2700
1325;1550451;2131
1326;1552976;2525
1327;1555252;2276
1328;1557528;2276
1329;1560002;2474
1330;1562128;2126
1331;1564784;2656
1332;1566896;2112
1333;1569353;2457
1334;1571504;2151
1335;1574044;2540
1336;1576267;2223
1337;1578768;2501
1338;1580841;2073
1339;1583442;2601
1340;1585575;2133
1341;1588194;2619
1342;1590298;2104
1343;1593010;2712
1344;1595164;2154
1345;1597719;2555
1346;1599815;2096
1347;1602370;2555
1348;1604452;2082
1349;1606993;2541
1350;1609129;2136
1351;1611555;2426
1352;1613951;2396
1353;1616109;2158
1354;1618523;2414
1355;1620820;2297
1356;1623330;2510
1357;1625484;2154
1358;1627974;2490
1359;1630183;2209
1360;1632618;2435
1361;1634836;2218
1362;1637402;2566
1363;1639657;2255
1364;1642251;2594
1365;1644433;2182
1366;1647022;2589
1367;1649267;2245
1368;1651744;2477
1369;1653998;2254
1370;1656615;2617
1371;1658792;2177
1372;1661768;2976
1373;1664305;2537
1374;1667431;3126
1375;1669877;2446
1376;1672945;3068
1377;1675385;2440
1378;1678457;3072
1379;1680549;2092
1380;1683204;2655
1381;1685371;2167
1382;1687956;2585
1383;1690144;2188
1384;1692804;2660
1385;1695044;2240
1386;1697635;2591
1387;1699840;2205
1388;1702407;2567
1389;1704651;2244
1390;1707237;2586
1391;1709477;2240
1392;1712071;2594
1393;1714360;2289
1394;1716837;2477
1395;1719206;2369
1396;1721828;2622
1397;1723998;2170
1398;1726525;2527
1399;1728941;2416
1400;1731267;2326
1401;1733816;2549
1402;1736095;2279
1403;1738714;2619
1404;1740958;2244
1405;1743579;2621
1406;1745844;2265
1407;1748630;2786
1408;1750832;2202
1409;1753665;2833
1410;1755813;2148
1411;1758611;2798
1412;1760792;2181
1413;1763445;2653
1414;1765737;2292
1415;1768380;2643
1416;1770772;2392
1417;1773417;2645
1418;1775608;2191
1419;1778376;2768
1420;1780650;2274
1421;1783388;2738
1422;1785729;2341
1423;1788264;2535
1424;1790857;2593
1425;1793235;2378
1426;1796067;2832
1427;1798258;2191
1428;1801102;2844
1429;1803363;2261
1430;1806079;2716
1431;1808377;2298
1432;1811065;2688
1433;1813484;2419
1434;1816119;2635
1435;1818444;2325
1436;1821207;2763
1437;1823634;2427
1438;1826268;2634
1439;1828674;2406
1440;1831192;2518
1441;1833723;2531
1442;1836212;2489
1443;1838813;2601
1444;1841248;2435
1445;1843964;2716
1446;1846358;2394
1447;1848990;2632
1448;1851410;2420
1449;1854024;2614
1450;1856547;2523
1451;1859330;2783
1452;1861599;2269
1453;1864429;2830
1454;1866650;2221
1455;1869617;2967
1456;1871959;2342
1457;1874733;2774
1458;1877234;2501
1459;1879734;2500
1460;1882452;2718
1461;1884787;2335
1462;1887705;2918
1463;1890024;2319
1464;1892723;2699
1465;1895084;2361
1466;1897874;2790
1467;1900314;2440
1468;1903061;2747
1469;1905336;2275
1470;1908192;2856
1471;1910533;2341
1472;1913408;2875
1473;1915717;2309
1474;1918694;2977
1475;1921058;2364
1476;1923861;2803
1477;1926161;2300
1478;1928964;2803
1479;1931249;2285
1480;1934036;2787
1481;1936380;2344
1482;1939040;2660
1483;1941669;2629
1484;1944035;2366
1485;1946683;2648
1486;1949202;2519
1487;1951954;2752
1488;1954316;2362
1489;1957046;2730
1490;1959468;2422
1491;1962138;2670
1492;1964569;2431
1493;1967383;2814
1494;1969854;2471
1495;1972698;2844
1496;1975088;2390
1497;1977926;2838
1498;1980385;2459
1499;1983100;2715
1500;1985569;2469
1501;1988437;2868
1502;1990821;2384
1503;1994081;3260
1504;1996860;2779
1505;2000284;3424
1506;2002963;2679
1507;2006323;3360
1508;2008995;2672
1509;2012359;3364
1510;2014651;2292
1511;2017557;2906
1512;2019930;2373
1513;2022759;2829
1514;2025155;2396
1515;2028066;2911
1516;2030519;2453
1517;2033354;2835
1518;2035768;2414
1519;2038576;2808
1520;2041032;2456
1521;2043861;2829
1522;2046312;2451
1523;2049150;2838
1524;2051654;2504
1525;2054364;2710
1526;2056955;2591
1527;2059823;2868
1528;2062197;2374
1529;2064960;2763
1530;2067603;2643
1531;2070146;2543
1532;2072934;2788
1533;2075425;2491
1534;2078289;2864
1535;2080742;2453
1536;2083608;2866
1537;2086084;2476
1538;2089129;3045
1539;2091536;2407
1540;2094632;3096
1541;2096980;2348
1542;2100037;3057
1543;2102421;2384
1544;2105319;2898
1545;2107824;2505
1546;2110711;2887
1547;2113325;2614
1548;2116214;2889
1549;2118608;2394
1550;2121631;3023
1551;2124115;2484
1552;2127105;2990
1553;2129662;2557
1554;2132430;2768
1555;2135262;2832
1556;2137858;2596
1557;2140950;3092
1558;2143342;2392
1559;2146447;3105
1560;2148915;2468
1561;2151880;2965
1562;2154388;2508
1563;2157322;2934
1564;2159962;2640
1565;2162838;2876
1566;2165375;2537
1567;2168390;3015
1568;2171038;2648
1569;2173912;2874
1570;2176537;2625
1571;2179284;2747
1572;2182045;2761
1573;2184760;2715
1574;2187597;2837
1575;2190253;2656
1576;2193215;2962
1577;2195826;2611
1578;2198696;2870
1579;2201335;2639
1580;2204185;2850
1581;2206936;2751
1582;2209970;3034
1583;2212444;2474
1584;2215529;3085
1585;2217950;2421
1586;2221184;3234
1587;2223737;2553
1588;2226760;3023
1589;2229486;2726
1590;2232210;2724
1591;2235172;2962
1592;2237716;2544
1593;2240896;3180
1594;2243422;2526
1595;2246363;2941
1596;2248934;2571
1597;2251974;3040
1598;2254631;2657
1599;2257624;2993
1600;2260101;2477
1601;2263212;3111
1602;2265761;2549
1603;2268892;3131
1604;2271406;2514
1605;2274648;3242
1606;2277222;2574
1607;2280273;3051
1608;2282777;2504
1609;2285828;3051
1610;2288316;2488
1611;2291349;3033
1612;2293901;2552
1613;2296795;2894
1614;2299657;2862
1615;2302231;2574
1616;2305113;2882
1617;2307854;2741
1618;2310848;2994
1619;2313418;2570
1620;2316388;2970
1621;2319023;2635
1622;2321928;2905
1623;2324572;2644
1624;2327634;3062
1625;2330321;2687
1626;2333415;3094
1627;2336013;2598
1628;2339100;3087
1629;2341773;2673
1630;2344726;2953
1631;2347410;2684
1632;2350529;3119
1633;2353120;2591
1634;2356664;3544
1635;2359685;3021
1636;2363407;3722
1637;2366319;2912
1638;2369971;3652
1639;2372875;2904
1640;2376531;3656
1641;2379023;2492
1642;2382180;3157
1643;2384759;2579
1644;2387832;3073
1645;2390436;2604
1646;2393598;3162
1647;2396264;2666
1648;2399343;3079
1649;2401966;2623
1650;2405015;3049
1651;2407683;2668
1652;2410755;3072
1653;2413417;2662
1654;2416499;3082
1655;2419218;2719
1656;2422161;2943
1657;2424974;2813
1658;2428088;3114
1659;2430666;2578
1660;2433665;2999
1661;2436535;2870
1662;2439295;2760
1663;2442322;3027
1664;2445025;2703
1665;2448134;3109
1666;2450796;2662
1667;2453907;3111
1668;2456594;2687
1669;2459898;3304
1670;2462510;2612
1671;2465869;3359
1672;2468417;2548
1673;2471733;3316
1674;2474320;2587
1675;2477463;3143
1676;2480181;2718
1677;2483312;3131
1678;2486148;2836
1679;2489281;3133
1680;2491878;2597
1681;2495156;3278
1682;2497850;2694
1683;2501092;3242
1684;2503865;2773
1685;2506866;3001
1686;2509937;3071
1687;2512751;2814
1688;2516103;3352
1689;2518696;2593
1690;2522062;3366
1691;2524737;2675
1692;2527951;3214
1693;2530669;2718
1694;2533849;3180
1695;2536710;2861
1696;2539827;3117
1697;2542576;2749
1698;2545843;3267
1699;2548712;2869
1700;2551826;3114
1701;2554670;2844
1702;2557646;2976
1703;2560637;2991
1704;2563578;2941
1705;2566651;3073
1706;2569528;2877
1707;2572736;3208
1708;2575564;2828
1709;2578672;3108
1710;2581530;2858
1711;2584616;3086
1712;2587595;2979
1713;2590880;3285
1714;2593559;2679
1715;2596899;3340
1716;2599520;2621
1717;2603021;3501
1718;2605785;2764
1719;2609057;3272
1720;2612008;2951
1721;2614956;2948
1722;2618162;3206
1723;2620915;2753
1724;2624357;3442
1725;2627090;2733
1726;2630273;3183
1727;2633054;2781
1728;2636344;3290
1729;2639218;2874
1730;2642457;3239
1731;2645136;2679
1732;2648502;3366
1733;2651259;2757
1734;2654646;3387
1735;2657365;2719
1736;2660872;3507
1737;2663656;2784
1738;2666955;3299
1739;2669663;2708
1740;2672962;3299
1741;2675653;2691
1742;2678932;3279
1743;2681692;2760
1744;2684820;3128
1745;2687915;3095
1746;2690697;2782
1747;2693813;3116
1748;2696776;2963
1749;2700012;3236
1750;2702790;2778
1751;2706000;3210
1752;2708848;2848
1753;2711988;3140
1754;2714845;2857
1755;2718155;3310
1756;2721058;2903
1757;2724402;3344
1758;2727208;2806
1759;2730544;3336
1760;2733431;2887
1761;2736622;3191
1762;2739521;2899
1763;2742891;3370
1764;2745689;2798
1765;2749517;3828
1766;2752780;3263
1767;2756800;4020
1768;2759945;3145
1769;2763889;3944
1770;2767025;3136
1771;2770973;3948
1772;2773665;2692
1773;2777073;3408
1774;2779858;2785
1775;2783175;3317
1776;2785987;2812
1777;2789400;3413
1778;2792279;2879
1779;2795602;3323
1780;2798434;2832
1781;2801724;3290
1782;2804604;2880
1783;2807919;3315
1784;2810792;2873
1785;2814118;3326
1786;2817052;2934
1787;2820228;3176
1788;2823263;3035
1789;2826623;3360
1790;2829405;2782
1791;2832640;3235
1792;2835737;3097
1793;2838714;2977
1794;2841980;3266
1795;2844895;2915
1796;2848249;3354
1797;2851120;2871
1798;2854476;3356
1799;2857374;2898
1800;2860937;3563
1801;2863754;2817
1802;2867376;3622
1803;2870124;2748
1804;2873699;3575
1805;2876489;2790
1806;2879877;3388
1807;2882808;2931
1808;2886183;3375
1809;2889241;3058
1810;2892618;3377
1811;2895418;2800
1812;2898951;3533
1813;2901855;2904
1814;2905349;3494
1815;2908338;2989
1816;2911572;3234
1817;2914882;3310
1818;2917914;3032
1819;2921526;3612
1820;2924320;2794
1821;2927947;3627
1822;2930829;2882
1823;2934292;3463
1824;2937220;2928
1825;2940646;3426
1826;2943728;3082
1827;2947086;3358
1828;2950047;2961
1829;2953566;3519
1830;2956656;3090
1831;2960010;3354
1832;2963073;3063
1833;2966278;3205
1834;2969499;3221
1835;2972666;3167
1836;2975975;3309
1837;2979073;3098
1838;2982527;3454
1839;2985572;3045
1840;2988918;3346
1841;2991995;3077
1842;2995317;3322
1843;2998524;3207
1844;3002060;3536
1845;3004944;2884
1846;3008539;3595
1847;3011360;2821
1848;3015128;3768
1849;3018103;2975
1850;3021624;3521
1851;3024800;3176
1852;3027972;3172
1853;3031422;3450
1854;3034384;2962
1855;3038088;3704
1856;3041028;2940
1857;3044453;3425
1858;3047444;2991
1859;3050984;3540
1860;3054075;3091
1861;3057560;3485
1862;3060441;2881
1863;3064062;3621
1864;3067027;2965
1865;3070670;3643
1866;3073594;2924
1867;3077366;3772
1868;3080360;2994
1869;3083907;3547
1870;3086819;2912
1871;3090366;3547
1872;3093260;2894
1873;3096785;3525
1874;3099753;2968
1875;3103115;3362
1876;3106443;3328
1877;3109433;2990
1878;3112783;3350
1879;3115968;3185
1880;3119446;3478
1881;3122432;2986
1882;3125882;3450
1883;3128943;3061
1884;3132318;3375
1885;3135388;3070
1886;3138946;3558
1887;3142065;3119
1888;3145659;3594
1889;3148673;3014
1890;3152258;3585
1891;3155359;3101
1892;3158788;3429
1893;3161902;3114
1894;3165523;3621
1895;3168528;3005
1896;3172640;4112
1897;3176145;3505
1898;3180463;4318
1899;3183841;3378
1900;3188077;4236
1901;3191445;3368
1902;3195685;4240
1903;3198577;2892
1904;3202236;3659
1905;3205227;2991
1906;3208788;3561
1907;3211808;3020
1908;3215472;3664
1909;3218564;3092
1910;3222131;3567
1911;3225172;3041
1912;3228703;3531
1913;3231795;3092
1914;3235353;3558
1915;3238437;3084
1916;3242007;3570
1917;3245156;3149
1918;3248565;3409
1919;3251822;3257
1920;3255428;3606
1921;3258414;2986
1922;3261885;3471
1923;3265209;3324
1924;3268403;3194
1925;3271908;3505
1926;3275035;3127
1927;3278634;3599
1928;3281714;3080
1929;3285315;3601
1930;3288424;3109
1931;3292246;3822
1932;3295268;3022
1933;3299153;3885
1934;3302101;2948
1935;3305935;3834
1936;3308928;2993
1937;3312561;3633
1938;3315705;3144
1939;3319324;3619
1940;3322604;3280
1941;3326225;3621
1942;3329228;3003
1943;3333016;3788
1944;3336130;3114
1945;3339876;3746
1946;3343081;3205
1947;3346548;3467
1948;3350097;3549
1949;3353347;3250
1950;3357219;3872
1951;3360214;2995
1952;3364102;3888
1953;3367191;3089
1954;3370903;3712
1955;3374041;3138
1956;3377713;3672
1957;3381016;3303
1958;3384615;3599
1959;3387788;3173
1960;3391559;3771
1961;3394870;3311
1962;3398464;3594
1963;3401746;3282
1964;3405180;3434
1965;3408631;3451
1966;3412024;3393
1967;3415569;3545
1968;3418888;3319
1969;3422588;3700
1970;3425850;3262
1971;3429434;3584
1972;3432730;3296
1973;3436288;3558
1974;3439723;3435
1975;3443510;3787
1976;3446599;3089
1977;3450449;3850
1978;3453470;3021
1979;3457505;4035
1980;3460691;3186
1981;3464461;3770
1982;3467862;3401
1983;3471258;3396
1984;3474952;3694
1985;3478123;3171
1986;3482089;3966
1987;3485236;3147
1988;3488903;3667
1989;3492104;3201
1990;3495894;3790
1991;3499202;3308
1992;3502933;3731
1993;3506016;3083
1994;3509892;3876
1995;3513065;3173
1996;3516964;3899
1997;3520093;3129
1998;3524130;4037
1999;3527334;3204
2000;3531129;3795
2001;3534245;3116
2002;3538040;3795
2003;3541137;3097
2004;3544908;3771
2005;3548084;3176
2006;3551680;3596
2007;3555241;3561
2008;3558439;3198
2009;3562023;3584
2010;3565430;3407
2011;3569150;3720
2012;3572344;3194
2013;3576034;3690
2014;3579308;3274
2015;3582918;3610
2016;3586201;3283
2017;3590007;3806
2018;3593342;3335
2019;3597186;3844
2020;3600408;3222
2021;3604242;3834
2022;3607557;3315
2023;3611224;3667
2024;3614553;3329
2025;3618425;3872
2026;3621637;3212
2027;3626033;4396
2028;3629780;3747
2029;3634396;4616
2030;3638007;3611
2031;3642535;4528
2032;3646135;3600
2033;3650667;4532
2034;3653759;3092
2035;3657669;3910
2036;3660866;3197
2037;3664671;3805
2038;3667899;3228
2039;3671814;3915
2040;3675119;3305
2041;3678930;3811
2042;3682180;3250
2043;3685952;3772
2044;3689256;3304
2045;3693057;3801
2046;3696352;3295
2047;3700166;3814
2048;3703530;3364
2049;3707172;3642
2050;3710651;3479
2051;3714503;3852
2052;3717693;3190
2053;3721400;3707
2054;3724951;3551
2055;3728362;3411
2056;3732106;3744
2057;3735445;3339
2058;3739289;3844
2059;3742578;3289
2060;3746424;3846
2061;3749744;3320
2062;3753825;4081
2063;3757052;3227
2064;3761200;4148
2065;3764348;3148
2066;3768441;4093
2067;3771637;3196
2068;3775515;3878
2069;3778872;3357
2070;3782735;3863
2071;3786237;3502
2072;3790102;3865
2073;3793308;3206
2074;3797351;4043
2075;3800675;3324
2076;3804673;3998
2077;3808094;3421
2078;3811794;3700
2079;3815582;3788
2080;3819050;3468
2081;3823182;4132
2082;3826378;3196
2083;3830527;4149
2084;3833823;3296
2085;3837784;3961
2086;3841132;3348
2087;3845050;3918
2088;3848574;3524
2089;3852414;3840
2090;3855799;3385
2091;3859822;4023
2092;3863354;3532
2093;3867188;3834
2094;3870689;3501
2095;3874352;3663
2096;3878033;3681
2097;3881652;3619
2098;3885433;3781
2099;3888973;3540
2100;3892919;3946
2101;3896398;3479
2102;3900220;3822
2103;3903735;3515
2104;3907529;3794
2105;3911192;3663
2106;3915230;4038
2107;3918524;3294
2108;3922629;4105
2109;3925850;3221
2110;3930152;4302
2111;3933549;3397
2112;3937568;4019
2113;3941194;3626
2114;3944814;3620
2115;3948752;3938
2116;3952132;3380
2117;3956360;4228
2118;3959714;3354
2119;3963623;3909
2120;3967034;3411
2121;3971074;4040
2122;3974599;3525
2123;3978576;3977
2124;3981861;3285
2125;3985992;4131
2126;3989373;3381
2127;3993528;4155
2128;3996862;3334
2129;4001164;4302
2130;4004578;3414
2131;4008621;4043
2132;4011941;3320
2133;4015984;4043
2134;4019284;3300
2135;4023301;4017
2136;4026685;3384
2137;4030515;3830
2138;4034309;3794
2139;4037715;3406
2140;4041533;3818
2141;4045162;3629
2142;4049124;3962
2143;4052526;3402
2144;4056456;3930
2145;4059943;3487
2146;4063788;3845
2147;4067284;3496
2148;4071338;4054
2149;4074889;3551
2150;4078983;4094
2151;4082413;3430
2152;4086496;4083
2153;4090025;3529
2154;4093930;3905
2155;4097474;3544
2156;4101597;4123
2157;4105016;3419
2158;4109696;4680
2159;4113685;3989
2160;4118599;4914
2161;4122443;3844
2162;4127263;4820
2163;4131095;3832
2164;4135919;4824
2165;4139211;3292
2166;4143372;4161
2167;4146775;3403
2168;4150824;4049
2169;4154260;3436
2170;4158426;4166
2171;4161944;3518
2172;4165999;4055
2173;4169458;3459
2174;4173471;4013
2175;4176987;3516
2176;4181031;4044
2177;4184537;3506
2178;4188595;4058
2179;4192174;3579
2180;4196049;3875
2181;4199750;3701
2182;4203848;4098
2183;4207242;3394
2184;4211185;3943
2185;4214963;3778
2186;4218591;3628
2187;4222574;3983
2188;4226125;3551
2189;4230214;4089
2190;4233712;3498
2191;4237803;4091
2192;4241334;3531
2193;4245674;4340
2194;4249106;3432
2195;4253517;4411
2196;4256865;3348
2197;4261217;4352
2198;4264616;3399
2199;4268739;4123
2200;4272309;3570
2201;4276416;4107
2202;4280140;3724
2203;4284249;4109
2204;4287658;3409
2205;4291956;4298
2206;4295490;3534
2207;4299740;4250
2208;4303377;3637
2209;4307310;3933
2210;4311337;4027
2211;4315023;3686
2212;4319415;4392
2213;4322812;3397
2214;4327222;4410
2215;4330725;3503
2216;4334935;4210
2217;4338493;3558
2218;4342657;4164
2219;4346402;3745
2220;4350483;4081
2221;4354080;3597
2222;4358355;4275
2223;4362108;3753
2224;4366182;4074
2225;4369902;3720
2226;4373794;3892
2227;4377705;3911
2228;4381550;3845
2229;4385567;4017
2230;4389328;3761
2231;4393520;4192
2232;4397216;3696
2233;4401276;4060
2234;4405010;3734
2235;4409040;4030
2236;4412931;3891
2237;4417220;4289
2238;4420719;3499
2239;4425079;4360
2240;4428500;3421
2241;4433069;4569
2242;4436677;3608
2243;4440945;4268
2244;4444796;3851
2245;4448640;3844
2246;4452822;4182
2247;4456411;3589
2248;4460901;4490
2249;4464462;3561
2250;4468613;4151
2251;4472234;3621
2252;4476524;4290
2253;4480266;3742
2254;4484489;4223
2255;4487976;3487
2256;4492362;4386
2257;4495951;3589
2258;4500362;4411
2259;4503901;3539
2260;4508468;4567
2261;4512092;3624
2262;4516383;4291
2263;4519907;3524
2264;4524198;4291
2265;4527701;3503
2266;4531964;4263
2267;4535556;3592
2268;4539620;4064
2269;4543647;4027
2270;4547261;3614
2271;4551313;4052
2272;4555164;3851
2273;4559368;4204
2274;4562978;3610
2275;4567148;4170
2276;4570848;3700
2277;4574928;4080
2278;4578637;3709
2279;4582939;4302
2280;4586706;3767
2281;4591050;4344
2282;4594688;3638
2283;4599020;4332
2284;4602763;3743
2285;4606906;4143
2286;4610665;3759
2287;4615039;4374
2288;4618665;3626
2289;4623629;4964
2290;4627860;4231
2291;4633072;5212
2292;4637149;4077
2293;4642261;5112
2294;4646325;4064
2295;4651441;5116
2296;4654933;3492
2297;4659345;4412
2298;4662954;3609
2299;4667247;4293
2300;4670891;3644
2301;4675308;4417
2302;4679039;3731
2303;4683338;4299
2304;4687006;3668
2305;4691260;4254
2306;4694988;3728
2307;4699275;4287
2308;4702992;3717
2309;4707294;4302
2310;4711088;3794
2311;4715196;4108
2312;4719119;3923
2313;4723463;4344
2314;4727061;3598
2315;4731240;4179
2316;4735245;4005
2317;4739090;3845
2318;4743312;4222
2319;4747075;3763
2320;4751409;4334
2321;4755116;3707
2322;4759452;4336
2323;4763194;3742
2324;4767793;4599
2325;4771430;3637
2326;4776104;4674
2327;4779652;3548
2328;4784263;4611
2329;4787865;3602
2330;4792233;4368
2331;4796016;3783
2332;4800367;4351
2333;4804313;3946
2334;4808666;4353
2335;4812278;3612
2336;4816831;4553
2337;4820575;3744
2338;4825077;4502
2339;4828930;3853
2340;4833096;4166
2341;4837362;4266
2342;4841266;3904
2343;4845918;4652
2344;4849516;3598
2345;4854187;4671
2346;4857897;3710
2347;4862356;4459
2348;4866124;3768
2349;4870534;4410
2350;4874500;3966
2351;4878822;4322
2352;4882631;3809
2353;4887158;4527
2354;4891132;3974
2355;4895446;4314
2356;4899385;3939
2357;4903506;4121
2358;4907647;4141
2359;4911718;4071
2360;4915971;4253
2361;4919953;3982
2362;4924391;4438
2363;4928304;3913
2364;4932602;4298
2365;4936555;3953
2366;4940821;4266
2367;4944940;4119
2368;4949480;4540
2369;4953184;3704
2370;4957799;4615
2371;4961420;3621
2372;4966256;4836
2373;4970075;3819
2374;4974592;4517
2375;4978668;4076
2376;4982736;4068
2377;4987162;4426
2378;4990960;3798
2379;4995712;4752
2380;4999480;3768
2381;5003873;4393
2382;5007704;3831
2383;5012244;4540
2384;5016203;3959
2385;5020672;4469
2386;5024361;3689
2387;5029002;4641
2388;5032799;3797
2389;5037466;4667
2390;5041210;3744
2391;5046042;4832
2392;5049876;3834
2393;5054415;4539
2394;5058143;3728
2395;5062682;4539
2396;5066388;3706
2397;5070897;4509
2398;5074697;3800
2399;5078995;4298
2400;5083255;4260
2401;5087077;3822
2402;5091363;4286
2403;5095436;4073
2404;5099882;4446
2405;5103700;3818
2406;5108110;4410
2407;5112023;3913
2408;5116338;4315
2409;5120260;3922
2410;5124810;4550
2411;5128793;3983
2412;5133387;4594
2413;5137233;3846
2414;5141814;4581
2415;5145771;3957
2416;5150152;4381
2417;5154126;3974
2418;5158751;4625
2419;5162584;3833
2420;5167832;5248
2421;5172305;4473
2422;5177815;5510
2423;5182125;4310
2424;5187529;5404
2425;5191825;4296
2426;5197233;5408
2427;5200925;3692
2428;5205588;4663
2429;5209403;3815
2430;5213940;4537
2431;5217792;3852
2432;5222460;4668
2433;5226404;3944
2434;5230947;4543
2435;5234824;3877
2436;5239319;4495
2437;5243259;3940
2438;5247789;4530
2439;5251717;3928
2440;5256263;4546
2441;5260272;4009
2442;5264613;4341
2443;5268758;4145
2444;5273348;4590
2445;5277150;3802
2446;5281565;4415
2447;5285797;4232
2448;5289859;4062
2449;5294320;4461
2450;5298295;3975
2451;5302874;4579
2452;5306790;3916
2453;5311371;4581
2454;5315324;3953
2455;5320182;4858
2456;5324024;3842
2457;5328961;4937
2458;5332709;3748
2459;5337579;4870
2460;5341384;3805
2461;5345997;4613
2462;5349993;3996
2463;5354588;4595
2464;5358756;4168
2465;5363353;4597
2466;5367168;3815
2467;5371976;4808
2468;5375930;3954
2469;5380684;4754
2470;5384753;4069
2471;5389152;4399
2472;5393657;4505
2473;5397779;4122
2474;5402691;4912
2475;5406490;3799
2476;5411422;4932
2477;5415339;3917
2478;5420047;4708
2479;5424025;3978
2480;5428681;4656
2481;5432868;4187
2482;5437431;4563
2483;5441452;4021
2484;5446231;4779
2485;5450426;4195
2486;5454980;4554
2487;5459138;4158
2488;5463488;4350
2489;5467859;4371
2490;5472156;4297
2491;5476645;4489
2492;5480848;4203
2493;5485532;4684
2494;5489662;4130
2495;5494198;4536
2496;5498370;4172
2497;5502872;4502
2498;5507219;4347
2499;5512010;4791
2500;5515919;3909
2501;5520789;4870
2502;5524610;3821
2503;5529713;5103
2504;5533743;4030
2505;5538509;4766
2506;5542810;4301
2507;5547102;4292
2508;5551772;4670
2509;5555779;4007
2510;5560793;5014
2511;5564768;3975
2512;5569403;4635
2513;5573444;4041
2514;5578234;4790
2515;5582410;4176
2516;5587125;4715
2517;5591016;3891
2518;5595912;4896
2519;5599917;4005
2520;5604840;4923
2521;5608789;3949
2522;5613886;5097
2523;5617930;4044
2524;5622717;4787
2525;5626649;3932
2526;5631436;4787
2527;5635345;3909
2528;5640100;4755
2529;5644108;4008
2530;5648640;4532
2531;5653133;4493
2532;5657163;4030
2533;5661683;4520
2534;5665978;4295
2535;5670666;4688
2536;5674692;4026
2537;5679342;4650
2538;5683468;4126
2539;5688018;4550
2540;5692153;4135
2541;5696951;4798
2542;5701150;4199
2543;5705994;4844
2544;5710048;4054
2545;5714878;4830
2546;5719049;4171
2547;5723668;4619
2548;5727857;4189
2549;5732733;4876
2550;5736773;4040
2551;5742305;5532
2552;5747020;4715
2553;5752828;5808
2554;5757371;4543
2555;5763067;5696
2556;5767595;4528
2557;5773295;5700
2558;5777187;3892
2559;5782101;4914
2560;5786122;4021
2561;5790903;4781
2562;5794963;4060
2563;5799882;4919
2564;5804039;4157
2565;5808826;4787
2566;5812912;4086
2567;5817648;4736
2568;5821800;4152
2569;5826573;4773
2570;5830712;4139
2571;5835502;4790
2572;5839726;4224
2573;5844300;4574
2574;5848667;4367
2575;5853503;4836
2576;5857509;4006
2577;5862160;4651
2578;5866619;4459
2579;5870898;4279
2580;5875598;4700
2581;5879785;4187
2582;5884609;4824
2583;5888734;4125
2584;5893560;4826
2585;5897724;4164
2586;5902841;5117
2587;5906888;4047
2588;5912088;5200
2589;5916036;3948
2590;5921165;5129
2591;5925173;4008
2592;5930031;4858
2593;5934240;4209
2594;5939079;4839
2595;5943469;4390
2596;5948310;4841
2597;5952328;4018
2598;5957391;5063
2599;5961555;4164
2600;5966561;5006
2601;5970846;4285
2602;5975478;4632
2603;5980222;4744
2604;5984562;4340
2605;5989734;5172
2606;5993734;4000
2607;5998927;5193
2608;6003051;4124
2609;6008008;4957
2610;6012196;4188
2611;6017098;4902
2612;6021506;4408
2613;6026310;4804
2614;6030543;4233
2615;6035574;5031
2616;6039990;4416
2617;6044784;4794
2618;6049161;4377
2619;6053740;4579
2620;6058341;4601
2621;6062864;4523
2622;6067589;4725
2623;6072013;4424
2624;6076943;4930
2625;6081290;4347
2626;6086064;4774
2627;6090455;4391
2628;6095193;4738
2629;6099768;4575
2630;6104810;5042
2631;6108924;4114
2632;6114049;5125
2633;6118070;4021
2634;6123440;5370
2635;6127681;4241
2636;6132696;5015
2637;6137222;4526
2638;6141738;4516
2639;6146652;4914
2640;6150868;4216
2641;6156144;5276
2642;6160326;4182
2643;6165203;4877
2644;6169454;4251
2645;6174494;5040
2646;6178887;4393
2647;6183848;4961
2648;6187941;4093
2649;6193092;5151
2650;6197305;4213
2651;6202484;5179
2652;6206638;4154
2653;6212000;5362
2654;6216254;4254
2655;6221289;5035
2656;6225425;4136
2657;6230460;5035
2658;6234572;4112
2659;6239573;5001
2660;6243789;4216
2661;6248555;4766
2662;6253281;4726
2663;6257519;4238
2664;6262273;4754
2665;6266790;4517
2666;6271720;4930
2667;6275954;4234
2668;6280844;4890
2669;6285183;4339
2670;6289968;4785
2671;6294316;4348
2672;6299362;5046
2673;6303777;4415
2674;6308871;5094
2675;6313133;4262
2676;6318212;5079
2677;6322597;4385
2678;6327454;4857
2679;6331858;4404
2680;6336985;5127
2681;6341232;4247
2682;6347048;5816
2683;6352005;4957
2684;6358111;6106
2685;6362887;4776
2686;6368875;5988
2687;6373635;4760
2688;6379627;5992
2689;6383719;4092
2690;6388884;5165
2691;6393111;4227
2692;6398136;5025
2693;6402404;4268
2694;6407574;5170
2695;6411944;4370
2696;6416975;5031
2697;6421270;4295
2698;6426247;4977
2699;6430611;4364
2700;6435627;5016
2701;6439977;4350
2702;6445011;5034
2703;6449450;4439
2704;6454257;4807
2705;6458846;4589
2706;6463928;5082
2707;6468138;4210
2708;6473025;4887
2709;6477711;4686
2710;6482207;4496
2711;6487146;4939
2712;6491545;4399
2713;6496614;5069
2714;6500948;4334
2715;6506019;5071
2716;6510394;4375
2717;6515770;5376
2718;6520022;4252
2719;6525485;5463
2720;6529633;4148
2721;6535021;5388
2722;6539232;4211
2723;6544335;5103
2724;6548757;4422
2725;6553840;5083
2726;6558452;4612
2727;6563537;5085
2728;6567758;4221
2729;6573076;5318
2730;6577450;4374
2731;6582708;5258
2732;6587209;4501
2733;6592074;4865
2734;6597057;4983
2735;6601615;4558
2736;6607047;5432
2737;6611248;4201
2738;6616702;5454
2739;6621033;4331
2740;6626239;5206
2741;6630637;4398
2742;6635785;5148
2743;6640414;4629
2744;6645459;5045
2745;6649904;4445
2746;6655187;5283
2747;6659824;4637
2748;6664858;5034
2749;6669454;4596
2750;6674262;4808
2751;6679093;4831
2752;6683842;4749
2753;6688803;4961
2754;6693448;4645
2755;6698624;5176
2756;6703188;4564
2757;6708200;5012
2758;6712810;4610
2759;6717784;4974
2760;6722587;4803
2761;6727880;5293
2762;6732199;4319
2763;6737579;5380
2764;6741800;4221
2765;6747437;5637
2766;6751889;4452
2767;6757153;5264
2768;6761904;4751
2769;6766644;4740
2770;6771802;5158
2771;6776227;4425
2772;6781765;5538
2773;6786154;4389
2774;6791273;5119
2775;6795734;4461
2776;6801024;5290
2777;6805634;4610
2778;6810841;5207
2779;6815136;4295
2780;6820542;5406
2781;6824963;4421
2782;6830398;5435
2783;6834757;4359
2784;6840384;5627
2785;6844848;4464
2786;6850131;5283
2787;6854471;4340
2788;6859754;5283
2789;6864069;4315
2790;6869316;5247
2791;6873740;4424
2792;6878740;5000
2793;6883699;4959
2794;6888145;4446
2795;6893133;4988
2796;6897872;4739
2797;6903044;5172
2798;6907486;4442
2799;6912616;5130
2800;6917168;4552
2801;6922188;5020
2802;6926749;4561
2803;6932043;5294
2804;6936674;4631
2805;6942018;5344
2806;6946488;4470
2807;6951816;5328
2808;6956415;4599
2809;6961510;5095
2810;6966129;4619
2811;6971507;5378
2812;6975961;4454
2813;6982061;6100
2814;6987260;5199
2815;6993664;6404
2816;6998673;5009
2817;7004953;6280
2818;7009945;4992
2819;7016229;6284
2820;7020521;4292
2821;7025937;5416
2822;7030370;4433
2823;7035639;5269
2824;7040115;4476
2825;7045536;5421
2826;7050119;4583
2827;7055394;5275
2828;7059898;4504
2829;7065116;5218
2830;7069692;4576
2831;7074951;5259
2832;7079512;4561
2833;7084790;5278
2834;7089444;4654
2835;7094484;5040
2836;7099295;4811
2837;7104623;5328
2838;7109037;4414
2839;7114160;5123
2840;7119073;4913
2841;7123786;4713
2842;7128964;5178
2843;7133575;4611
2844;7138889;5314
2845;7143432;4543
2846;7148748;5316
2847;7153334;4586
2848;7158969;5635
2849;7163426;4457
2850;7169152;5726
2851;7173500;4348
2852;7179147;5647
2853;7183561;4414
2854;7188909;5348
2855;7193544;4635
2856;7198871;5327
2857;7203705;4834
2858;7209034;5329
2859;7213458;4424
2860;7219031;5573
2861;7223615;4584
2862;7229125;5510
2863;7233842;4717
2864;7238940;5098
2865;7244162;5222
2866;7248938;4776
2867;7254630;5692
2868;7259032;4402
2869;7264747;5715
2870;7269285;4538
2871;7274740;5455
2872;7279348;4608
2873;7284742;5394
2874;7289592;4850
2875;7294878;5286
2876;7299535;4657
2877;7305070;5535
2878;7309928;4858
2879;7315202;5274
2880;7320017;4815
2881;7325054;5037
2882;7330115;5061
2883;7335090;4975
2884;7340287;5197
2885;7345153;4866
2886;7350575;5422
2887;7355356;4781
2888;7360606;5250
2889;7365435;4829
2890;7370645;5210
2891;7375676;5031
2892;7381220;5544
2893;7385744;4524
2894;7391379;5635
2895;7395800;4421
2896;7401704;5904
2897;7406367;4663
2898;7411880;5513
2899;7416856;4976
2900;7421820;4964
2901;7427222;5402
2902;7431856;4634
2903;7437656;5800
2904;7442252;4596
2905;7447613;5361
2906;7452284;4671
2907;7457824;5540
2908;7462651;4827
2909;7468104;5453
2910;7472601;4497
2911;7478262;5661
2912;7482891;4629
2913;7488582;5691
2914;7493146;4564
2915;7499038;5892
2916;7503712;4674
2917;7509243;5531
2918;7513787;4544
2919;7519318;5531
2920;7523836;4518
2921;7529329;5493
2922;7533961;4632
2923;7539195;5234
2924;7544387;5192
2925;7549041;4654
2926;7554263;5222
2927;7559224;4961
2928;7564638;5414
2929;7569288;4650
2930;7574658;5370
2931;7579423;4765
2932;7584678;5255
2933;7589452;4774
2934;7594994;5542
2935;7599841;4847
2936;7605435;5594
2937;7610113;4678
2938;7615690;5577
2939;7620503;4813
2940;7625836;5333
2941;7630670;4834
2942;7636299;5629
2943;7640960;4661
2944;7647344;6384
2945;7652785;5441
2946;7659487;6702
2947;7664729;5242
2948;7671301;6572
2949;7676525;5224
2950;7683101;6576
2951;7687593;4492
2952;7693260;5667
2953;7697899;4639
2954;7703412;5513
2955;7708096;4684
2956;7713768;5672
2957;7718564;4796
2958;7724083;5519
2959;7728796;4713
2960;7734255;5459
2961;7739043;4788
2962;7744545;5502
2963;7749317;4772
2964;7754839;5522
2965;7759708;4869
2966;7764981;5273
2967;7770014;5033
2968;7775588;5574
2969;7780206;4618
2970;7785565;5359
2971;7790705;5140
2972;7795635;4930
2973;7801052;5417
2974;7805875;4823
2975;7811434;5559
2976;7816186;4752
2977;7821747;5561
2978;7826544;4797
2979;7832438;5894
2980;7837100;4662
2981;7843089;5989
2982;7847637;4548
2983;7853543;5906
2984;7858160;4617
2985;7863753;5593
2986;7868601;4848
2987;7874172;5571
2988;7879228;5056
2989;7884801;5573
2990;7889428;4627
2991;7895256;5828
2992;7900050;4794
2993;7905812;5762
2994;7910745;4933
2995;7916076;5331
2996;7921537;5461
2997;7926531;4994
2998;7932483;5952
2999;7937086;4603
3000;7943062;5976
3001;7947807;4745
3002;7953511;5704
3003;7958329;4818
3004;7963969;5640
3005;7969040;5071
3006;7974567;5527
3007;7979436;4869
3008;7985223;5787
3009;7990302;5079
3010;7995816;5514
3011;8000850;5034
3012;8006116;5266
3013;8011407;5291
3014;8016608;5201
3015;8022041;5433
3016;8027128;5087
3017;8032796;5668
3018;8037794;4998
3019;8043282;5488
3020;8048330;5048
3021;8053776;5446
3022;8059035;5259
3023;8064830;5795
3024;8069559;4729
3025;8075449;5890
3026;8080070;4621
3027;8086241;6171
3028;8091115;4874
3029;8096877;5762
3030;8102078;5201
3031;8107266;5188
3032;8112912;5646
3033;8117755;4843
3034;8123817;6062
3035;8128620;4803
3036;8134223;5603
3037;8139104;4881
3038;8144894;5790
3039;8149938;5044
3040;8155637;5699
3041;8160336;4699
3042;8166252;5916
3043;8171089;4837
3044;8177036;5947
3045;8181805;4769
3046;8187962;6157
3047;8192846;4884
3048;8198625;5779
3049;8203373;4748
3050;8209152;5779
3051;8213873;4721
3052;8219612;5739
3053;8224452;4840
3054;8229920;5468
3055;8235345;5425
3056;8240207;4862
3057;8245663;5456
3058;8250846;5183
3059;8256502;5656
3060;8261360;4858
3061;8266970;5610
3062;8271948;4978
3063;8277438;5490
3064;8282425;4987
3065;8288215;5790
3066;8293278;5063
3067;8299122;5844
3068;8304008;4886
3069;8309834;5826
3070;8314861;5027
3071;8320432;5571
3072;8325481;5049
3073;8331361;5880
3074;8336229;4868
3075;8342897;6668
3076;8348580;5683
3077;8355580;7000
3078;8361055;5475
3079;8367919;6864
3080;8373375;5456
3081;8380243;6868
3082;8384935;4692
3083;8390853;5918
3084;8395698;4845
3085;8401455;5757
3086;8406347;4892
3087;8412270;5923
3088;8417279;5009
3089;8423042;5763
3090;8427964;4922
3091;8433664;5700
3092;8438664;5000
3093;8444409;5745
3094;8449392;4983
3095;8455158;5766
3096;8460242;5084
3097;8465748;5506
3098;8471003;5255
3099;8476823;5820
3100;8481645;4822
3101;8487240;5595
3102;8492607;5367
3103;8497754;5147
3104;8503410;5656
3105;8508445;5035
3106;8514249;5804
3107;8519210;4961
3108;8525016;5806
3109;8530024;5008
3110;8536177;6153
3111;8541044;4867
3112;8547296;6252
3113;8552044;4748
3114;8558209;6165
3115;8563029;4820
3116;8568867;5838
3117;8573928;5061
3118;8579743;5815
3119;8585021;5278
3120;8590838;5817
3121;8595668;4830
3122;8601751;6083
3123;8606755;5004
3124;8612769;6014
3125;8617918;5149
3126;8623482;5564
3127;8629182;5700
3128;8634394;5212
3129;8640606;6212
3130;8645410;4804
3131;8651647;6237
3132;8656599;4952
3133;8662552;5953
3134;8667580;5028
3135;8673466;5886
3136;8678758;5292
3137;8684526;5768
3138;8689607;5081
3139;8695646;6039
3140;8700946;5300
3141;8706700;5754
3142;8711953;5253
3143;8717448;5495
3144;8722969;5521
3145;8728396;5427
3146;8734065;5669
3147;8739373;5308
3148;8745287;5914
3149;8750502;5215
3150;8756228;5726
3151;8761495;5267
3152;8767177;5682
3153;8772664;5487
3154;8778710;6046
3155;8783644;4934
3156;8789789;6145
3157;8794610;4821
3158;8801048;6438
3159;8806133;5085
3160;8812144;6011
3161;8817570;5426
3162;8822982;5412
3163;8828872;5890
3164;8833924;5052
3165;8840248;6324
3166;8845258;5010
3167;8851103;5845
3168;8856194;5091
3169;8862234;6040
3170;8867495;5261
3171;8873440;5945
3172;8878341;4901
3173;8884512;6171
3174;8889557;5045
3175;8895760;6203
3176;8900734;4974
3177;8907156;6422
3178;8912250;5094
3179;8918277;6027
3180;8923229;4952
3181;8929256;6027
3182;8934180;4924
3183;8940165;5985
3184;8945213;5048
3185;8950915;5702
3186;8956573;5658
3187;8961643;5070
3188;8967333;5690
3189;8972738;5405
3190;8978636;5898
3191;8983702;5066
3192;8989552;5850
3193;8994743;5191
3194;9000468;5725
3195;9005668;5200
3196;9011706;6038
3197;9016985;5279
3198;9023079;6094
3199;9028173;5094
3200;9034248;6075
3201;9039489;5241
3202;9045298;5809
3203;9050562;5264
3204;9056693;6131
3205;9061768;5075
3206;9068720;6952
3207;9074645;5925
3208;9081943;7298
3209;9087651;5708
3210;9094807;7156
3211;9100495;5688
3212;9107655;7160
3213;9112547;4892
3214;9118716;6169
3215;9123767;5051
3216;9129768;6001
3217;9134868;5100
3218;9141042;6174
3219;9146264;5222
3220;9152271;6007
3221;9157402;5131
3222;9163343;5941
3223;9168555;5212
3224;9174543;5988
3225;9179737;5194
3226;9185747;6010
3227;9191046;5299
3228;9196785;5739
3229;9202262;5477
3230;9208328;6066
3231;9213354;5026
3232;9219185;5831
3233;9224779;5594
3234;9230143;5364
3235;9236038;5895
3236;9241285;5247
3237;9247334;6049
3238;9252504;5170
3239;9258555;6051
3240;9263774;5219
3241;9270186;6412
3242;9275258;5072
3243;9281773;6515
3244;9286721;4948
3245;9293145;6424
3246;9298168;5023
3247;9304251;6083
3248;9309525;5274
3249;9315584;6059
3250;9321084;5500
3251;9327145;6061
3252;9332178;5033
3253;9338516;6338
3254;9343730;5214
3255;9349996;6266
3256;9355361;5365
3257;9361158;5797
3258;9367097;5939
3259;9372527;5430
3260;9378999;6472
3261;9384004;5005
3262;9390502;6498
3263;9395661;5159
3264;9401863;6202
3265;9407101;5238
3266;9413233;6132
3267;9418746;5513
3268;9424755;6009
3269;9430048;5293
3270;9436339;6291
3271;9441860;5521
3272;9447854;5994
3273;9453326;5472
3274;9459050;5724
3275;9464801;5751
3276;9470454;5653
3277;9476359;5905
3278;9481888;5529
3279;9488048;6160
3280;9493480;5432
3281;9499444;5964
3282;9504930;5486
3283;9510848;5918
3284;9516563;5715
3285;9522860;6297
3286;9527999;5139
3287;9534399;6400
3288;9539420;5021
3289;9546125;6705
3290;9551421;5296
3291;9557681;6260
3292;9563332;5651
3293;9568968;5636
3294;9575102;6134
3295;9580363;5261
3296;9586949;6586
3297;9592166;5217
3298;9598253;6087
3299;9603554;5301
3300;9609844;6290
3301;9615322;5478
3302;9621513;6191
3303;9626616;5103
3304;9633042;6426
3305;9638295;5253
3306;9644754;6459
3307;9649933;5179
3308;9656620;6687
3309;9661924;5304
3310;9668199;6275
3311;9673355;5156
3312;9679630;6275
3313;9684757;5127
3314;9690988;6231
3315;9696244;5256
3316;9702180;5936
3317;9708071;5891
3318;9713349;5278
3319;9719273;5924
3320;9724900;5627
3321;9731040;6140
3322;9736314;5274
3323;9742404;6090
3324;9747808;5404
3325;9753768;5960
3326;9759181;5413
3327;9765467;6286
3328;9770962;5495
3329;9777306;6344
3330;9782608;5302
3331;9788932;6324
3332;9794387;5455
3333;9800434;6047
3334;9805913;5479
3335;9812295;6382
3336;9817577;5282
3337;9824813;7236
3338;9830980;6167
3339;9838576;7596
3340;9844517;5941
3341;9851965;7448
3342;9857885;5920
3343;9865337;7452
3344;9870429;5092
3345;9876849;6420
3346;9882106;5257
3347;9888351;6245
3348;9893659;5308
3349;9900084;6425
3350;9905519;5435
3351;9911770;6251
3352;9917110;5340
3353;9923292;6182
3354;9928716;5424
3355;9934947;6231
3356;9940352;5405
3357;9946606;6254
3358;9952120;5514
3359;9958092;5972
3360;9963791;5699
3361;9970103;6312
3362;9975333;5230
3363;9981400;6067
3364;9987221;5821
3365;9992802;5581
3366;9998936;6134
3367;10004395;5459
3368;10010689;6294
3369;10016068;5379
3370;10022364;6296
3371;10027794;5430
3372;10034465;6671
3373;10039742;5277
3374;10046520;6778
3375;10051668;5148
3376;10058351;6683
3377;10063577;5226
3378;10069905;6328
3379;10075392;5487
3380;10081695;6303
3381;10087417;5722
3382;10093722;6305
3383;10098958;5236
3384;10105551;6593
3385;10110975;5424
3386;10117493;6518
3387;10123074;5581
3388;10129104;6030
3389;10135282;6178
3390;10140930;5648
3391;10147662;6732
3392;10152868;5206
3393;10159627;6759
3394;10164993;5366
3395;10171444;6451
3396;10176892;5448
3397;10183270;6378
3398;10189004;5734
3399;10195254;6250
3400;10200759;5505
3401;10207302;6543
3402;10213044;5742
3403;10219278;6234
3404;10224969;5691
3405;10230922;5953
3406;10236903;5981
3407;10242782;5879
3408;10248923;6141
3409;10254673;5750
3410;10261079;6406
3411;10266728;5649
3412;10272930;6202
3413;10278635;5705
3414;10284789;6154
3415;10290732;5943
3416;10297280;6548
3417;10302624;5344
3418;10309279;6655
3419;10314500;5221
3420;10321472;6972
3421;10326979;5507
3422;10333488;6509
3423;10339364;5876
3424;10345224;5860
3425;10351602;6378
3426;10357072;5470
3427;10363920;6848
3428;10369344;5424
3429;10375673;6329
3430;10381184;5511
3431;10387724;6540
3432;10393419;5695
3433;10399856;6437
;NaN
