take a possible walk in the garden with 64 steps
0;1
1;4
2;9
3;13
4;23
5;30
6;44
7;55
8;73
9;88
10;110
11;124
12;149
13;170
14;200
15;221
16;256
17;282
18;318
19;352
20;388
21;424
22;466
23;503
24;554
25;594
26;647
27;688
28;741
29;792
30;845
31;904
32;958
33;1020
34;1074
35;1149
36;1205
37;1280
38;1332
39;1413
40;1469
41;1555
42;1621
43;1699
44;1773
45;1850
46;1940
47;2014
48;2104
49;2183
50;2268
51;2356
52;2442
53;2537
54;2631
55;2733
56;2832
57;2937
58;3034
59;3138
60;3245
61;3352
62;3488
63;3605
I could reach 3751 different pots!
lets see, where a really long walk will can take us
0;1
1;4
2;9
3;13
4;23
5;30
6;44
7;55
8;73
9;88
10;110
11;124
12;149
13;170
14;200
15;221
16;256
17;282
18;318
19;352
20;388
21;424
22;466
23;503
24;554
25;594
26;647
27;688
28;741
29;792
30;845
31;904
32;958
33;1020
34;1074
35;1149
36;1205
37;1280
38;1332
39;1413
40;1469
41;1555
42;1621
43;1699
44;1773
45;1850
46;1940
47;2014
48;2104
49;2183
50;2268
51;2356
52;2442
53;2537
54;2631
55;2733
56;2832
57;2937
58;3034
59;3138
60;3245
61;3352
62;3488
63;3605
64;3751
65;3867
66;4015
67;4135
68;4287
69;4379
70;4524
71;4631
72;4776
73;4884
74;5034
75;5144
76;5295
77;5410
78;5567
79;5691
80;5847
81;5977
82;6131
83;6270
84;6417
85;6566
86;6728
87;6858
88;7025
89;7171
90;7327
91;7486
92;7645
93;7814
94;7968
95;8139
96;8294
97;8490
98;8642
99;8845
100;8993
101;9201
102;9352
103;9555
104;9717
105;9920
106;10092
107;10297
108;10458
109;10676
110;10850
111;11068
112;11249
113;11454
114;11657
115;11855
116;12087
117;12268
118;12502
119;12693
120;12919
121;13117
122;13345
123;13554
124;13779
125;13984
126;14227
127;14444
128;14678
129;14894
130;15122
131;15353
132;15582
133;15823
134;16048
135;16304
136;16528
137;16780
138;17010
139;17264
140;17507
141;17780
142;17999
143;18279
144;18500
145;18797
146;19029
147;19313
148;19564
149;19824
150;20102
151;20347
152;20645
153;20894
154;21173
155;21434
156;21724
157;21994
158;22281
159;22536
160;22842
161;23103
162;23418
163;23677
164;24004
165;24268
166;24591
167;24851
168;25174
169;25429
170;25756
171;26020
172;26340
173;26639
174;26925
175;27233
176;27532
177;27864
178;28146
179;28476
180;28768
181;29088
182;29389
183;29723
184;30034
185;30378
186;30688
187;31036
188;31355
189;31690
190;32009
191;32367
192;32681
193;33101
194;33460
195;33904
196;34253
197;34693
198;35045
199;35489
200;35781
201;36177
202;36490
203;36879
204;37195
205;37596
206;37919
207;38314
208;38638
209;39036
210;39372
211;39771
212;40112
213;40510
214;40864
215;41244
216;41615
217;42023
218;42357
219;42760
220;43133
221;43506
222;43904
223;44275
224;44689
225;45052
226;45468
227;45834
228;46289
229;46646
230;47112
231;47460
232;47927
233;48281
234;48729
235;49104
236;49551
237;49945
238;50394
239;50758
240;51231
241;51615
242;52085
243;52482
244;52920
245;53362
246;53778
247;54270
248;54652
249;55147
250;55545
251;56020
252;56428
253;56902
254;57332
255;57798
256;58215
257;58710
258;59148
259;59622
260;60057
261;60514
262;60975
263;61430
264;61907
265;62353
266;62855
267;63296
268;63786
269;64235
270;64725
271;65196
272;65720
273;66144
274;66679
275;67100
276;67664
277;68107
278;68640
279;69116
280;69600
281;70122
282;70576
283;71136
284;71592
285;72113
286;72584
287;73124
288;73611
289;74144
290;74601
291;75162
292;75631
293;76202
294;76666
295;77258
296;77732
297;78303
298;78767
299;79338
300;79796
301;80369
302;80841
303;81395
304;81927
305;82421
306;82963
307;83484
308;84058
309;84548
310;85118
311;85623
312;86178
313;86692
314;87274
315;87801
316;88395
317;88913
318;89510
319;90043
320;90616
321;91150
322;91759
323;92280
324;92984
325;93585
326;94327
327;94909
328;95641
329;96225
330;96961
331;97453
332;98100
333;98619
334;99252
335;99776
336;100428
337;100964
338;101603
339;102136
340;102775
341;103323
342;103965
343;104517
344;105159
345;105728
346;106341
347;106934
348;107588
349;108126
350;108765
351;109365
352;109955
353;110592
354;111175
355;111834
356;112406
357;113067
358;113644
359;114358
360;114920
361;115649
362;116197
363;116923
364;117480
365;118173
366;118761
367;119452
368;120068
369;120761
370;121328
371;122056
372;122650
373;123372
374;123985
375;124656
376;125337
377;125971
378;126723
379;127306
380;128062
381;128667
382;129391
383;130009
384;130729
385;131380
386;132087
387;132716
388;133463
389;134122
390;134836
391;135490
392;136176
393;136867
394;137548
395;138261
396;138928
397;139676
398;140334
399;141062
400;141730
401;142456
402;143155
403;143930
404;144559
405;145349
406;145970
407;146801
408;147455
409;148237
410;148938
411;149646
412;150412
413;151075
414;151897
415;152560
416;153323
417;154004
418;154794
419;155498
420;156277
421;156936
422;157752
423;158429
424;159256
425;159925
426;160782
427;161466
428;162285
429;162953
430;163772
431;164433
432;165252
433;165932
434;166720
435;167485
436;168187
437;168963
438;169706
439;170522
440;171220
441;172030
442;172748
443;173538
444;174265
445;175095
446;175838
447;176682
448;177408
449;178254
450;179001
451;179812
452;180561
453;181421
454;182149
455;183137
456;183980
457;185020
458;185835
459;186859
460;187675
461;188703
462;189395
463;190293
464;191018
465;191895
466;192627
467;193530
468;194279
469;195162
470;195904
471;196784
472;197544
473;198429
474;199192
475;200078
476;200862
477;201708
478;202523
479;203423
480;204165
481;205040
482;205867
483;206674
484;207550
485;208345
486;209249
487;210030
488;210936
489;211724
490;212697
491;213464
492;214456
493;215204
494;216189
495;216949
496;217887
497;218688
498;219623
499;220461
500;221398
501;222168
502;223151
503;223955
504;224929
505;225758
506;226662
507;227582
508;228434
509;229446
510;230230
511;231247
512;232059
513;233032
514;233860
515;234826
516;235698
517;236646
518;237487
519;238486
520;239366
521;240320
522;241193
523;242108
524;243029
525;243936
526;244885
527;245773
528;246767
529;247642
530;248608
531;249495
532;250457
533;251384
534;252410
535;253244
536;254289
537;255110
538;256208
539;257073
540;258104
541;259030
542;259962
543;260972
544;261844
545;262928
546;263798
547;264803
548;265694
549;266734
550;267655
551;268680
552;269541
553;270612
554;271497
555;272580
556;273454
557;274576
558;275470
559;276537
560;277409
561;278476
562;279340
563;280405
564;281293
565;282315
566;283313
567;284223
568;285233
569;286198
570;287256
571;288162
572;289212
573;290143
574;291168
575;292108
576;293186
577;294145
578;295239
579;296173
580;297268
581;298229
582;299278
583;300242
584;301353
585;302288
586;303560
587;304645
588;305983
589;307031
590;308347
591;309395
592;310715
593;311607
594;312756
595;313687
596;314808
597;315748
598;316902
599;317864
600;318991
601;319942
602;321063
603;322035
604;323163
605;324137
606;325267
607;326266
608;327345
609;328382
610;329528
611;330474
612;331585
613;332639
614;333663
615;334778
616;335785
617;336934
618;337924
619;339075
620;340074
621;341306
622;342278
623;343533
624;344481
625;345725
626;346688
627;347871
628;348885
629;350064
630;351124
631;352305
632;353278
633;354516
634;355530
635;356756
636;357801
637;358938
638;360097
639;361167
640;362439
641;363424
642;364702
643;365721
644;366943
645;367981
646;369193
647;370286
648;371475
649;372528
650;373779
651;374880
652;376074
653;377166
654;378310
655;379461
656;380594
657;381779
658;382888
659;384128
660;385220
661;386424
662;387530
663;388728
664;389883
665;391160
666;392199
667;393499
668;394520
669;395885
670;396961
671;398241
672;399392
673;400548
674;401802
675;402883
676;404229
677;405306
678;406553
679;407654
680;408944
681;410082
682;411353
683;412416
684;413742
685;414835
686;416174
687;417253
688;418640
689;419744
690;421059
691;422135
692;423450
693;424517
694;425828
695;426924
696;428180
697;429411
698;430529
699;431773
700;432960
701;434260
702;435374
703;436664
704;437808
705;439068
706;440221
707;441547
708;442722
709;444066
710;445208
711;446552
712;447727
713;449014
714;450193
715;451555
716;452697
717;454253
718;455580
719;457216
720;458497
721;460105
722;461385
723;462997
724;464089
725;465489
726;466626
727;467991
728;469139
729;470544
730;471719
731;473090
732;474250
733;475612
734;476796
735;478167
736;479352
737;480726
738;481940
739;483252
740;484511
741;485903
742;487053
743;488400
744;489681
745;490922
746;492276
747;493495
748;494889
749;496088
750;497484
751;498694
752;500185
753;501362
754;502880
755;504028
756;505531
757;506697
758;508125
759;509352
760;510775
761;512057
762;513482
763;514658
764;516151
765;517375
766;518853
767;520114
768;521484
769;522882
770;524170
771;525702
772;526888
773;528427
774;529653
775;531124
776;532372
777;533830
778;535144
779;536574
780;537839
781;539342
782;540664
783;542098
784;543409
785;544782
786;546163
787;547522
788;548943
789;550273
790;551759
791;553068
792;554510
793;555835
794;557269
795;558652
796;560180
797;561424
798;562979
799;564200
800;565832
801;567119
802;568648
803;570024
804;571404
805;572902
806;574192
807;575800
808;577084
809;578573
810;579884
811;581424
812;582779
813;584296
814;585561
815;587142
816;588443
817;590038
818;591322
819;592974
820;594288
821;595851
822;597131
823;598694
824;599964
825;601521
826;602825
827;604315
828;605779
829;607105
830;608583
831;609992
832;611534
833;612856
834;614386
835;615743
836;617238
837;618604
838;620178
839;621569
840;623163
841;624513
842;626106
843;627495
844;629020
845;630414
846;632027
847;633376
848;635216
849;636785
850;638719
851;640233
852;642133
853;643645
854;645549
855;646841
856;648492
857;649835
858;651444
859;652800
860;654456
861;655844
862;657459
863;658828
864;660431
865;661827
866;663441
867;664837
868;666455
869;667884
870;669429
871;670910
872;672548
873;673902
874;675485
875;676993
876;678451
877;680044
878;681475
879;683114
880;684522
881;686163
882;687584
883;689334
884;690716
885;692497
886;693845
887;695607
888;696976
889;698649
890;700089
891;701756
892;703260
893;704929
894;706308
895;708056
896;709490
897;711220
898;712697
899;714300
900;715937
901;717443
902;719235
903;720622
904;722422
905;723855
906;725575
907;727033
908;728737
909;730272
910;731943
911;733420
912;735175
913;736718
914;738392
915;739922
916;741524
917;743135
918;744720
919;746377
920;747928
921;749660
922;751186
923;752866
924;754410
925;756080
926;757691
927;759470
928;760919
929;762729
930;764150
931;766049
932;767547
933;769325
934;770926
935;772530
936;774272
937;775771
938;777641
939;779132
940;780863
941;782384
942;784174
943;785746
944;787509
945;788976
946;790812
947;792321
948;794172
949;795661
950;797578
951;799102
952;800913
953;802397
954;804208
955;805681
956;807484
957;808996
958;810720
959;812417
960;813951
961;815663
962;817294
963;819078
964;820608
965;822378
966;823948
967;825678
968;827257
969;829079
970;830686
971;832530
972;834088
973;835930
974;837533
975;839296
976;840905
977;842769
978;844325
979;846449
980;848260
981;850492
982;852239
983;854431
984;856175
985;858371
986;859863
987;861765
988;863314
989;865167
990;866731
991;868638
992;870239
993;872098
994;873676
995;875520
996;877128
997;878985
998;880592
999;882454
1000;884098
1001;885876
1002;887579
1003;889463
1004;891021
1005;892840
1006;894575
1007;896250
1008;898082
1009;899725
1010;901609
1011;903226
1012;905112
1013;906744
1014;908753
1015;910340
1016;912384
1017;913932
1018;915953
1019;917525
1020;919443
1021;921096
1022;923007
1023;924733
1024;926646
1025;928228
1026;930231
1027;931875
1028;933857
1029;935550
1030;937386
1031;939262
1032;940986
1033;943038
1034;944626
1035;946687
1036;948327
1037;950296
1038;951964
1039;953914
1040;955670
1041;957582
1042;959271
1043;961278
1044;963042
1045;964956
1046;966705
1047;968536
1048;970377
1049;972188
1050;974081
1051;975853
1052;977831
1053;979574
1054;981492
1055;983255
1056;985161
1057;987000
1058;989030
1059;990684
1060;992749
1061;994370
1062;996536
1063;998245
1064;1000272
1065;1002098
1066;1003926
1067;1005912
1068;1007620
1069;1009752
1070;1011450
1071;1013423
1072;1015154
1073;1017194
1074;1018983
1075;1020992
1076;1022661
1077;1024752
1078;1026469
1079;1028576
1080;1030270
1081;1032452
1082;1034186
1083;1036245
1084;1037933
1085;1039992
1086;1041668
1087;1043717
1088;1045437
1089;1047395
1090;1049325
1091;1051067
1092;1053013
1093;1054866
1094;1056892
1095;1058630
1096;1060640
1097;1062423
1098;1064388
1099;1066180
1100;1068250
1101;1070073
1102;1072167
1103;1073933
1104;1076024
1105;1077841
1106;1079842
1107;1081666
1108;1083781
1109;1085544
1110;1087952
1111;1090005
1112;1092535
1113;1094515
1114;1096999
1115;1098975
1116;1101463
1117;1103155
1118;1105308
1119;1107063
1120;1109160
1121;1110932
1122;1113090
1123;1114904
1124;1117007
1125;1118794
1126;1120879
1127;1122699
1128;1124799
1129;1126617
1130;1128723
1131;1130582
1132;1132593
1133;1134518
1134;1136648
1135;1138410
1136;1140465
1137;1142427
1138;1144319
1139;1146390
1140;1148245
1141;1150374
1142;1152200
1143;1154331
1144;1156174
1145;1158442
1146;1160234
1147;1162541
1148;1164289
1149;1166569
1150;1168344
1151;1170507
1152;1172373
1153;1174528
1154;1176476
1155;1178633
1156;1180418
1157;1182676
1158;1184530
1159;1186764
1160;1188673
1161;1190742
1162;1192857
1163;1194799
1164;1197111
1165;1198900
1166;1201222
1167;1203069
1168;1205287
1169;1207165
1170;1209361
1171;1211338
1172;1213491
1173;1215392
1174;1217651
1175;1219636
1176;1221790
1177;1223758
1178;1225818
1179;1227889
1180;1229926
1181;1232055
1182;1234048
1183;1236272
1184;1238232
1185;1240388
1186;1242370
1187;1244512
1188;1246579
1189;1248860
1190;1250719
1191;1253039
1192;1254860
1193;1257293
1194;1259213
1195;1261489
1196;1263540
1197;1265592
1198;1267822
1199;1269739
1200;1272133
1201;1274038
1202;1276253
1203;1278194
1204;1280484
1205;1282490
1206;1284745
1207;1286616
1208;1288962
1209;1290887
1210;1293250
1211;1295149
1212;1297596
1213;1299540
1214;1301847
1215;1303739
1216;1306046
1217;1307925
1218;1310220
1219;1312148
1220;1314340
1221;1316503
1222;1318453
1223;1320633
1224;1322708
1225;1324976
1226;1326922
1227;1329172
1228;1331168
1229;1333368
1230;1335373
1231;1337691
1232;1339730
1233;1342074
1234;1344048
1235;1346388
1236;1348419
1237;1350658
1238;1352697
1239;1355063
1240;1357033
1241;1359725
1242;1362020
1243;1364848
1244;1367061
1245;1369837
1246;1372045
1247;1374825
1248;1376717
1249;1379121
1250;1381082
1251;1383423
1252;1385403
1253;1387812
1254;1389839
1255;1392186
1256;1394182
1257;1396508
1258;1398540
1259;1400883
1260;1402912
1261;1405262
1262;1407336
1263;1409580
1264;1411727
1265;1414103
1266;1416069
1267;1418360
1268;1420549
1269;1422658
1270;1424968
1271;1427035
1272;1429409
1273;1431444
1274;1433820
1275;1435874
1276;1438401
1277;1440398
1278;1442968
1279;1444916
1280;1447455
1281;1449433
1282;1451841
1283;1453920
1284;1456319
1285;1458489
1286;1460890
1287;1462878
1288;1465391
1289;1467455
1290;1469941
1291;1472066
1292;1474368
1293;1476722
1294;1478882
1295;1481454
1296;1483444
1297;1486027
1298;1488081
1299;1490548
1300;1492636
1301;1495078
1302;1497276
1303;1499670
1304;1501783
1305;1504294
1306;1506500
1307;1508894
1308;1511081
1309;1513370
1310;1515671
1311;1517934
1312;1520299
1313;1522513
1314;1524983
1315;1527160
1316;1529554
1317;1531755
1318;1534133
1319;1536428
1320;1538960
1321;1541024
1322;1543599
1323;1545620
1324;1548320
1325;1550451
1326;1552976
1327;1555252
1328;1557528
1329;1560002
1330;1562128
1331;1564784
1332;1566896
1333;1569353
1334;1571504
1335;1574044
1336;1576267
1337;1578768
1338;1580841
1339;1583442
1340;1585575
1341;1588194
1342;1590298
1343;1593010
1344;1595164
1345;1597719
1346;1599815
1347;1602370
1348;1604452
1349;1606993
1350;1609129
1351;1611555
1352;1613951
1353;1616109
1354;1618523
1355;1620820
1356;1623330
1357;1625484
1358;1627974
1359;1630183
1360;1632618
1361;1634836
1362;1637402
1363;1639657
1364;1642251
1365;1644433
1366;1647022
1367;1649267
1368;1651744
1369;1653998
1370;1656615
1371;1658792
1372;1661768
1373;1664305
1374;1667431
1375;1669877
1376;1672945
1377;1675385
1378;1678457
1379;1680549
1380;1683204
1381;1685371
1382;1687956
1383;1690144
1384;1692804
1385;1695044
1386;1697635
1387;1699840
1388;1702407
1389;1704651
1390;1707237
1391;1709477
1392;1712071
1393;1714360
1394;1716837
1395;1719206
1396;1721828
1397;1723998
1398;1726525
1399;1728941
1400;1731267
1401;1733816
1402;1736095
1403;1738714
1404;1740958
1405;1743579
1406;1745844
1407;1748630
1408;1750832
1409;1753665
1410;1755813
1411;1758611
1412;1760792
1413;1763445
1414;1765737
1415;1768380
1416;1770772
1417;1773417
1418;1775608
1419;1778376
1420;1780650
1421;1783388
1422;1785729
1423;1788264
1424;1790857
1425;1793235
1426;1796067
1427;1798258
1428;1801102
1429;1803363
1430;1806079
1431;1808377
1432;1811065
1433;1813484
1434;1816119
1435;1818444
1436;1821207
1437;1823634
1438;1826268
1439;1828674
1440;1831192
1441;1833723
1442;1836212
1443;1838813
1444;1841248
1445;1843964
1446;1846358
1447;1848990
1448;1851410
1449;1854024
1450;1856547
1451;1859330
1452;1861599
1453;1864429
1454;1866650
1455;1869617
1456;1871959
1457;1874733
1458;1877234
1459;1879734
1460;1882452
1461;1884787
1462;1887705
1463;1890024
1464;1892723
1465;1895084
1466;1897874
1467;1900314
1468;1903061
1469;1905336
1470;1908192
1471;1910533
1472;1913408
1473;1915717
1474;1918694
1475;1921058
1476;1923861
1477;1926161
1478;1928964
1479;1931249
1480;1934036
1481;1936380
1482;1939040
1483;1941669
1484;1944035
1485;1946683
1486;1949202
1487;1951954
1488;1954316
1489;1957046
1490;1959468
1491;1962138
1492;1964569
1493;1967383
1494;1969854
1495;1972698
1496;1975088
1497;1977926
1498;1980385
1499;1983100
1500;1985569
1501;1988437
1502;1990821
1503;1994081
1504;1996860
1505;2000284
1506;2002963
1507;2006323
1508;2008995
1509;2012359
1510;2014651
1511;2017557
1512;2019930
1513;2022759
1514;2025155
1515;2028066
1516;2030519
1517;2033354
1518;2035768
1519;2038576
1520;2041032
1521;2043861
1522;2046312
1523;2049150
1524;2051654
1525;2054364
1526;2056955
1527;2059823
1528;2062197
1529;2064960
1530;2067603
1531;2070146
1532;2072934
1533;2075425
1534;2078289
1535;2080742
1536;2083608
1537;2086084
1538;2089129
1539;2091536
1540;2094632
1541;2096980
1542;2100037
1543;2102421
1544;2105319
1545;2107824
1546;2110711
1547;2113325
1548;2116214
1549;2118608
1550;2121631
1551;2124115
1552;2127105
1553;2129662
1554;2132430
1555;2135262
1556;2137858
1557;2140950
1558;2143342
1559;2146447
1560;2148915
1561;2151880
1562;2154388
1563;2157322
1564;2159962
1565;2162838
1566;2165375
1567;2168390
1568;2171038
1569;2173912
1570;2176537
1571;2179284
1572;2182045
1573;2184760
1574;2187597
1575;2190253
1576;2193215
1577;2195826
1578;2198696
1579;2201335
1580;2204185
1581;2206936
1582;2209970
1583;2212444
1584;2215529
1585;2217950
1586;2221184
1587;2223737
1588;2226760
1589;2229486
1590;2232210
1591;2235172
1592;2237716
1593;2240896
1594;2243422
1595;2246363
1596;2248934
1597;2251974
1598;2254631
1599;2257624
1600;2260101
1601;2263212
1602;2265761
1603;2268892
1604;2271406
1605;2274648
1606;2277222
1607;2280273
1608;2282777
1609;2285828
1610;2288316
1611;2291349
1612;2293901
1613;2296795
1614;2299657
1615;2302231
1616;2305113
1617;2307854
1618;2310848
1619;2313418
1620;2316388
1621;2319023
1622;2321928
1623;2324572
1624;2327634
1625;2330321
1626;2333415
1627;2336013
1628;2339100
1629;2341773
1630;2344726
1631;2347410
1632;2350529
1633;2353120
1634;2356664
1635;2359685
1636;2363407
1637;2366319
1638;2369971
1639;2372875
1640;2376531
1641;2379023
1642;2382180
1643;2384759
1644;2387832
1645;2390436
1646;2393598
1647;2396264
1648;2399343
1649;2401966
1650;2405015
1651;2407683
1652;2410755
1653;2413417
1654;2416499
1655;2419218
1656;2422161
1657;2424974
1658;2428088
1659;2430666
1660;2433665
1661;2436535
1662;2439295
1663;2442322
1664;2445025
1665;2448134
1666;2450796
1667;2453907
1668;2456594
1669;2459898
1670;2462510
1671;2465869
1672;2468417
1673;2471733
1674;2474320
1675;2477463
1676;2480181
1677;2483312
1678;2486148
1679;2489281
1680;2491878
1681;2495156
1682;2497850
1683;2501092
1684;2503865
1685;2506866
1686;2509937
1687;2512751
1688;2516103
1689;2518696
1690;2522062
1691;2524737
1692;2527951
1693;2530669
1694;2533849
1695;2536710
1696;2539827
1697;2542576
1698;2545843
1699;2548712
1700;2551826
1701;2554670
1702;2557646
1703;2560637
1704;2563578
1705;2566651
1706;2569528
1707;2572736
1708;2575564
1709;2578672
1710;2581530
1711;2584616
1712;2587595
1713;2590880
1714;2593559
1715;2596899
1716;2599520
1717;2603021
1718;2605785
1719;2609057
1720;2612008
1721;2614956
1722;2618162
1723;2620915
1724;2624357
1725;2627090
1726;2630273
1727;2633054
1728;2636344
1729;2639218
1730;2642457
1731;2645136
1732;2648502
1733;2651259
1734;2654646
1735;2657365
1736;2660872
1737;2663656
1738;2666955
1739;2669663
1740;2672962
1741;2675653
1742;2678932
1743;2681692
1744;2684820
1745;2687915
1746;2690697
1747;2693813
1748;2696776
1749;2700012
1750;2702790
1751;2706000
1752;2708848
1753;2711988
1754;2714845
1755;2718155
1756;2721058
1757;2724402
1758;2727208
1759;2730544
1760;2733431
1761;2736622
1762;2739521
1763;2742891
1764;2745689
1765;2749517
1766;2752780
1767;2756800
1768;2759945
1769;2763889
1770;2767025
1771;2770973
1772;2773665
1773;2777073
1774;2779858
1775;2783175
1776;2785987
1777;2789400
1778;2792279
1779;2795602
1780;2798434
1781;2801724
1782;2804604
1783;2807919
1784;2810792
1785;2814118
1786;2817052
1787;2820228
1788;2823263
1789;2826623
1790;2829405
1791;2832640
1792;2835737
1793;2838714
1794;2841980
1795;2844895
1796;2848249
1797;2851120
1798;2854476
1799;2857374
1800;2860937
1801;2863754
1802;2867376
1803;2870124
1804;2873699
1805;2876489
1806;2879877
1807;2882808
1808;2886183
1809;2889241
1810;2892618
1811;2895418
1812;2898951
1813;2901855
1814;2905349
1815;2908338
1816;2911572
1817;2914882
1818;2917914
1819;2921526
1820;2924320
1821;2927947
1822;2930829
1823;2934292
1824;2937220
1825;2940646
1826;2943728
1827;2947086
1828;2950047
1829;2953566
1830;2956656
1831;2960010
1832;2963073
1833;2966278
1834;2969499
1835;2972666
1836;2975975
1837;2979073
1838;2982527
1839;2985572
1840;2988918
1841;2991995
1842;2995317
1843;2998524
1844;3002060
1845;3004944
1846;3008539
1847;3011360
1848;3015128
1849;3018103
1850;3021624
1851;3024800
1852;3027972
1853;3031422
1854;3034384
1855;3038088
1856;3041028
1857;3044453
1858;3047444
1859;3050984
1860;3054075
1861;3057560
1862;3060441
1863;3064062
1864;3067027
1865;3070670
1866;3073594
1867;3077366
1868;3080360
1869;3083907
1870;3086819
1871;3090366
1872;3093260
1873;3096785
1874;3099753
1875;3103115
1876;3106443
1877;3109433
1878;3112783
1879;3115968
1880;3119446
1881;3122432
1882;3125882
1883;3128943
1884;3132318
1885;3135388
1886;3138946
1887;3142065
1888;3145659
1889;3148673
1890;3152258
1891;3155359
1892;3158788
1893;3161902
1894;3165523
1895;3168528
1896;3172640
1897;3176145
1898;3180463
1899;3183841
1900;3188077
1901;3191445
1902;3195685
1903;3198577
1904;3202236
1905;3205227
1906;3208788
1907;3211808
1908;3215472
1909;3218564
1910;3222131
1911;3225172
1912;3228703
1913;3231795
1914;3235353
1915;3238437
1916;3242007
1917;3245156
1918;3248565
1919;3251822
1920;3255428
1921;3258414
1922;3261885
1923;3265209
1924;3268403
1925;3271908
1926;3275035
1927;3278634
1928;3281714
1929;3285315
1930;3288424
1931;3292246
1932;3295268
1933;3299153
1934;3302101
1935;3305935
1936;3308928
1937;3312561
1938;3315705
1939;3319324
1940;3322604
1941;3326225
1942;3329228
1943;3333016
1944;3336130
1945;3339876
1946;3343081
1947;3346548
1948;3350097
1949;3353347
1950;3357219
1951;3360214
1952;3364102
1953;3367191
1954;3370903
1955;3374041
1956;3377713
1957;3381016
1958;3384615
1959;3387788
1960;3391559
1961;3394870
1962;3398464
1963;3401746
1964;3405180
1965;3408631
1966;3412024
1967;3415569
1968;3418888
1969;3422588
1970;3425850
1971;3429434
1972;3432730
1973;3436288
1974;3439723
1975;3443510
1976;3446599
1977;3450449
1978;3453470
1979;3457505
1980;3460691
1981;3464461
1982;3467862
1983;3471258
1984;3474952
1985;3478123
1986;3482089
1987;3485236
1988;3488903
1989;3492104
1990;3495894
1991;3499202
1992;3502933
1993;3506016
1994;3509892
1995;3513065
1996;3516964
1997;3520093
1998;3524130
1999;3527334
2000;3531129
2001;3534245
2002;3538040
2003;3541137
2004;3544908
2005;3548084
2006;3551680
2007;3555241
2008;3558439
2009;3562023
2010;3565430
2011;3569150
2012;3572344
2013;3576034
2014;3579308
2015;3582918
2016;3586201
2017;3590007
2018;3593342
2019;3597186
2020;3600408
2021;3604242
2022;3607557
2023;3611224
2024;3614553
2025;3618425
2026;3621637
2027;3626033
2028;3629780
2029;3634396
2030;3638007
2031;3642535
2032;3646135
2033;3650667
2034;3653759
2035;3657669
2036;3660866
2037;3664671
2038;3667899
2039;3671814
2040;3675119
2041;3678930
2042;3682180
2043;3685952
2044;3689256
2045;3693057
2046;3696352
2047;3700166
2048;3703530
2049;3707172
2050;3710651
2051;3714503
2052;3717693
2053;3721400
2054;3724951
2055;3728362
2056;3732106
2057;3735445
2058;3739289
2059;3742578
2060;3746424
2061;3749744
2062;3753825
2063;3757052
2064;3761200
2065;3764348
2066;3768441
2067;3771637
2068;3775515
2069;3778872
2070;3782735
2071;3786237
2072;3790102
2073;3793308
2074;3797351
2075;3800675
2076;3804673
2077;3808094
2078;3811794
2079;3815582
2080;3819050
2081;3823182
2082;3826378
2083;3830527
2084;3833823
2085;3837784
2086;3841132
2087;3845050
2088;3848574
2089;3852414
2090;3855799
2091;3859822
2092;3863354
2093;3867188
2094;3870689
2095;3874352
2096;3878033
2097;3881652
2098;3885433
2099;3888973
2100;3892919
2101;3896398
2102;3900220
2103;3903735
2104;3907529
2105;3911192
2106;3915230
2107;3918524
2108;3922629
2109;3925850
2110;3930152
2111;3933549
2112;3937568
2113;3941194
2114;3944814
2115;3948752
2116;3952132
2117;3956360
2118;3959714
2119;3963623
2120;3967034
2121;3971074
2122;3974599
2123;3978576
2124;3981861
2125;3985992
2126;3989373
2127;3993528
2128;3996862
2129;4001164
2130;4004578
2131;4008621
2132;4011941
2133;4015984
2134;4019284
2135;4023301
2136;4026685
2137;4030515
2138;4034309
2139;4037715
2140;4041533
2141;4045162
2142;4049124
2143;4052526
2144;4056456
2145;4059943
2146;4063788
2147;4067284
2148;4071338
2149;4074889
2150;4078983
2151;4082413
2152;4086496
2153;4090025
2154;4093930
2155;4097474
2156;4101597
2157;4105016
2158;4109696
2159;4113685
2160;4118599
2161;4122443
2162;4127263
2163;4131095
2164;4135919
2165;4139211
2166;4143372
2167;4146775
2168;4150824
2169;4154260
2170;4158426
2171;4161944
2172;4165999
2173;4169458
2174;4173471
2175;4176987
2176;4181031
2177;4184537
2178;4188595
2179;4192174
2180;4196049
2181;4199750
2182;4203848
2183;4207242
2184;4211185
2185;4214963
2186;4218591
2187;4222574
2188;4226125
2189;4230214
2190;4233712
2191;4237803
2192;4241334
2193;4245674
2194;4249106
2195;4253517
2196;4256865
2197;4261217
2198;4264616
2199;4268739
2200;4272309
2201;4276416
2202;4280140
2203;4284249
2204;4287658
2205;4291956
2206;4295490
2207;4299740
2208;4303377
2209;4307310
2210;4311337
2211;4315023
2212;4319415
2213;4322812
2214;4327222
2215;4330725
2216;4334935
2217;4338493
2218;4342657
2219;4346402
2220;4350483
2221;4354080
2222;4358355
2223;4362108
2224;4366182
2225;4369902
2226;4373794
2227;4377705
2228;4381550
2229;4385567
2230;4389328
2231;4393520
2232;4397216
2233;4401276
2234;4405010
2235;4409040
2236;4412931
2237;4417220
2238;4420719
2239;4425079
2240;4428500
2241;4433069
2242;4436677
2243;4440945
2244;4444796
2245;4448640
2246;4452822
2247;4456411
2248;4460901
2249;4464462
2250;4468613
2251;4472234
2252;4476524
2253;4480266
2254;4484489
2255;4487976
2256;4492362
2257;4495951
2258;4500362
2259;4503901
2260;4508468
2261;4512092
2262;4516383
2263;4519907
2264;4524198
2265;4527701
2266;4531964
2267;4535556
2268;4539620
2269;4543647
2270;4547261
2271;4551313
2272;4555164
2273;4559368
2274;4562978
2275;4567148
2276;4570848
2277;4574928
2278;4578637
2279;4582939
2280;4586706
2281;4591050
2282;4594688
2283;4599020
2284;4602763
2285;4606906
2286;4610665
2287;4615039
2288;4618665
2289;4623629
2290;4627860
2291;4633072
2292;4637149
2293;4642261
2294;4646325
2295;4651441
2296;4654933
2297;4659345
2298;4662954
2299;4667247
2300;4670891
2301;4675308
2302;4679039
2303;4683338
2304;4687006
2305;4691260
2306;4694988
2307;4699275
2308;4702992
2309;4707294
2310;4711088
2311;4715196
2312;4719119
2313;4723463
2314;4727061
2315;4731240
2316;4735245
2317;4739090
2318;4743312
2319;4747075
2320;4751409
2321;4755116
2322;4759452
2323;4763194
2324;4767793
2325;4771430
2326;4776104
2327;4779652
2328;4784263
2329;4787865
2330;4792233
2331;4796016
2332;4800367
2333;4804313
2334;4808666
2335;4812278
2336;4816831
2337;4820575
2338;4825077
2339;4828930
2340;4833096
2341;4837362
2342;4841266
2343;4845918
2344;4849516
2345;4854187
2346;4857897
2347;4862356
2348;4866124
2349;4870534
2350;4874500
2351;4878822
2352;4882631
2353;4887158
2354;4891132
2355;4895446
2356;4899385
2357;4903506
2358;4907647
2359;4911718
2360;4915971
2361;4919953
2362;4924391
2363;4928304
2364;4932602
2365;4936555
2366;4940821
2367;4944940
2368;4949480
2369;4953184
2370;4957799
2371;4961420
2372;4966256
2373;4970075
2374;4974592
2375;4978668
2376;4982736
2377;4987162
2378;4990960
2379;4995712
2380;4999480
2381;5003873
2382;5007704
2383;5012244
2384;5016203
2385;5020672
2386;5024361
2387;5029002
2388;5032799
2389;5037466
2390;5041210
2391;5046042
2392;5049876
2393;5054415
2394;5058143
2395;5062682
2396;5066388
2397;5070897
2398;5074697
2399;5078995
2400;5083255
2401;5087077
2402;5091363
2403;5095436
2404;5099882
2405;5103700
2406;5108110
2407;5112023
2408;5116338
2409;5120260
2410;5124810
2411;5128793
2412;5133387
2413;5137233
2414;5141814
2415;5145771
2416;5150152
2417;5154126
2418;5158751
2419;5162584
2420;5167832
2421;5172305
2422;5177815
2423;5182125
2424;5187529
2425;5191825
2426;5197233
2427;5200925
2428;5205588
2429;5209403
2430;5213940
2431;5217792
2432;5222460
2433;5226404
2434;5230947
2435;5234824
2436;5239319
2437;5243259
2438;5247789
2439;5251717
2440;5256263
2441;5260272
2442;5264613
2443;5268758
2444;5273348
2445;5277150
2446;5281565
2447;5285797
2448;5289859
2449;5294320
2450;5298295
2451;5302874
2452;5306790
2453;5311371
2454;5315324
2455;5320182
2456;5324024
2457;5328961
2458;5332709
2459;5337579
2460;5341384
2461;5345997
2462;5349993
2463;5354588
2464;5358756
2465;5363353
2466;5367168
2467;5371976
2468;5375930
2469;5380684
2470;5384753
2471;5389152
2472;5393657
2473;5397779
2474;5402691
2475;5406490
2476;5411422
2477;5415339
2478;5420047
2479;5424025
2480;5428681
2481;5432868
2482;5437431
2483;5441452
2484;5446231
2485;5450426
2486;5454980
2487;5459138
2488;5463488
2489;5467859
2490;5472156
2491;5476645
2492;5480848
2493;5485532
2494;5489662
2495;5494198
2496;5498370
2497;5502872
2498;5507219
2499;5512010
2500;5515919
2501;5520789
2502;5524610
2503;5529713
2504;5533743
2505;5538509
2506;5542810
2507;5547102
2508;5551772
2509;5555779
2510;5560793
2511;5564768
2512;5569403
2513;5573444
2514;5578234
2515;5582410
2516;5587125
2517;5591016
2518;5595912
2519;5599917
2520;5604840
2521;5608789
2522;5613886
2523;5617930
2524;5622717
2525;5626649
2526;5631436
2527;5635345
2528;5640100
2529;5644108
2530;5648640
2531;5653133
2532;5657163
2533;5661683
2534;5665978
2535;5670666
2536;5674692
2537;5679342
2538;5683468
2539;5688018
2540;5692153
2541;5696951
2542;5701150
2543;5705994
2544;5710048
2545;5714878
2546;5719049
2547;5723668
2548;5727857
2549;5732733
2550;5736773
2551;5742305
2552;5747020
2553;5752828
2554;5757371
2555;5763067
2556;5767595
2557;5773295
2558;5777187
2559;5782101
2560;5786122
2561;5790903
2562;5794963
2563;5799882
2564;5804039
2565;5808826
2566;5812912
2567;5817648
2568;5821800
2569;5826573
2570;5830712
2571;5835502
2572;5839726
2573;5844300
2574;5848667
2575;5853503
2576;5857509
2577;5862160
2578;5866619
2579;5870898
2580;5875598
2581;5879785
2582;5884609
2583;5888734
2584;5893560
2585;5897724
2586;5902841
2587;5906888
2588;5912088
2589;5916036
2590;5921165
2591;5925173
2592;5930031
2593;5934240
2594;5939079
2595;5943469
2596;5948310
2597;5952328
2598;5957391
2599;5961555
2600;5966561
2601;5970846
2602;5975478
2603;5980222
2604;5984562
2605;5989734
2606;5993734
2607;5998927
2608;6003051
2609;6008008
2610;6012196
2611;6017098
2612;6021506
2613;6026310
2614;6030543
2615;6035574
2616;6039990
2617;6044784
2618;6049161
2619;6053740
2620;6058341
2621;6062864
2622;6067589
2623;6072013
2624;6076943
2625;6081290
2626;6086064
2627;6090455
2628;6095193
2629;6099768
2630;6104810
2631;6108924
2632;6114049
2633;6118070
2634;6123440
2635;6127681
2636;6132696
2637;6137222
2638;6141738
2639;6146652
2640;6150868
2641;6156144
2642;6160326
2643;6165203
2644;6169454
2645;6174494
2646;6178887
2647;6183848
2648;6187941
2649;6193092
2650;6197305
2651;6202484
2652;6206638
2653;6212000
2654;6216254
2655;6221289
2656;6225425
2657;6230460
2658;6234572
2659;6239573
2660;6243789
2661;6248555
2662;6253281
2663;6257519
2664;6262273
2665;6266790
2666;6271720
2667;6275954
2668;6280844
2669;6285183
2670;6289968
2671;6294316
2672;6299362
2673;6303777
2674;6308871
2675;6313133
2676;6318212
2677;6322597
2678;6327454
2679;6331858
2680;6336985
2681;6341232
2682;6347048
2683;6352005
2684;6358111
2685;6362887
2686;6368875
2687;6373635
2688;6379627
2689;6383719
2690;6388884
2691;6393111
2692;6398136
2693;6402404
2694;6407574
2695;6411944
2696;6416975
2697;6421270
2698;6426247
2699;6430611
2700;6435627
2701;6439977
2702;6445011
2703;6449450
2704;6454257
2705;6458846
2706;6463928
2707;6468138
2708;6473025
2709;6477711
2710;6482207
2711;6487146
2712;6491545
2713;6496614
2714;6500948
2715;6506019
2716;6510394
2717;6515770
2718;6520022
2719;6525485
2720;6529633
2721;6535021
2722;6539232
2723;6544335
2724;6548757
2725;6553840
2726;6558452
2727;6563537
2728;6567758
2729;6573076
2730;6577450
2731;6582708
2732;6587209
2733;6592074
2734;6597057
2735;6601615
2736;6607047
2737;6611248
2738;6616702
2739;6621033
2740;6626239
2741;6630637
2742;6635785
2743;6640414
2744;6645459
2745;6649904
2746;6655187
2747;6659824
2748;6664858
2749;6669454
2750;6674262
2751;6679093
2752;6683842
2753;6688803
2754;6693448
2755;6698624
2756;6703188
2757;6708200
2758;6712810
2759;6717784
2760;6722587
2761;6727880
2762;6732199
2763;6737579
2764;6741800
2765;6747437
2766;6751889
2767;6757153
2768;6761904
2769;6766644
2770;6771802
2771;6776227
2772;6781765
2773;6786154
2774;6791273
2775;6795734
2776;6801024
2777;6805634
2778;6810841
2779;6815136
2780;6820542
2781;6824963
2782;6830398
2783;6834757
2784;6840384
2785;6844848
2786;6850131
2787;6854471
2788;6859754
2789;6864069
2790;6869316
2791;6873740
2792;6878740
2793;6883699
2794;6888145
2795;6893133
2796;6897872
2797;6903044
2798;6907486
2799;6912616
2800;6917168
2801;6922188
2802;6926749
2803;6932043
2804;6936674
2805;6942018
2806;6946488
2807;6951816
2808;6956415
2809;6961510
2810;6966129
2811;6971507
2812;6975961
2813;6982061
2814;6987260
2815;6993664
2816;6998673
2817;7004953
2818;7009945
2819;7016229
2820;7020521
2821;7025937
2822;7030370
2823;7035639
2824;7040115
2825;7045536
2826;7050119
2827;7055394
2828;7059898
2829;7065116
2830;7069692
2831;7074951
2832;7079512
2833;7084790
2834;7089444
2835;7094484
2836;7099295
2837;7104623
2838;7109037
2839;7114160
2840;7119073
2841;7123786
2842;7128964
2843;7133575
2844;7138889
2845;7143432
2846;7148748
2847;7153334
2848;7158969
2849;7163426
2850;7169152
2851;7173500
2852;7179147
2853;7183561
2854;7188909
2855;7193544
2856;7198871
2857;7203705
2858;7209034
2859;7213458
2860;7219031
2861;7223615
2862;7229125
2863;7233842
2864;7238940
2865;7244162
2866;7248938
2867;7254630
2868;7259032
2869;7264747
2870;7269285
2871;7274740
2872;7279348
2873;7284742
2874;7289592
2875;7294878
2876;7299535
2877;7305070
2878;7309928
2879;7315202
2880;7320017
2881;7325054
2882;7330115
2883;7335090
2884;7340287
2885;7345153
2886;7350575
2887;7355356
2888;7360606
2889;7365435
2890;7370645
2891;7375676
2892;7381220
2893;7385744
2894;7391379
2895;7395800
2896;7401704
2897;7406367
2898;7411880
2899;7416856
2900;7421820
2901;7427222
2902;7431856
2903;7437656
2904;7442252
2905;7447613
2906;7452284
2907;7457824
2908;7462651
2909;7468104
2910;7472601
2911;7478262
2912;7482891
2913;7488582
2914;7493146
2915;7499038
2916;7503712
2917;7509243
2918;7513787
2919;7519318
2920;7523836
2921;7529329
2922;7533961
2923;7539195
2924;7544387
2925;7549041
2926;7554263
2927;7559224
2928;7564638
2929;7569288
2930;7574658
2931;7579423
2932;7584678
2933;7589452
2934;7594994
2935;7599841
2936;7605435
2937;7610113
2938;7615690
2939;7620503
2940;7625836
2941;7630670
2942;7636299
2943;7640960
2944;7647344
2945;7652785
2946;7659487
2947;7664729
2948;7671301
2949;7676525
2950;7683101
2951;7687593
2952;7693260
2953;7697899
2954;7703412
2955;7708096
2956;7713768
2957;7718564
2958;7724083
2959;7728796
2960;7734255
2961;7739043
2962;7744545
2963;7749317
2964;7754839
2965;7759708
2966;7764981
2967;7770014
2968;7775588
2969;7780206
2970;7785565
2971;7790705
2972;7795635
2973;7801052
2974;7805875
2975;7811434
2976;7816186
2977;7821747
2978;7826544
2979;7832438
2980;7837100
2981;7843089
2982;7847637
2983;7853543
2984;7858160
2985;7863753
2986;7868601
2987;7874172
2988;7879228
2989;7884801
2990;7889428
2991;7895256
2992;7900050
2993;7905812
2994;7910745
2995;7916076
2996;7921537
2997;7926531
2998;7932483
2999;7937086
3000;7943062
3001;7947807
3002;7953511
3003;7958329
3004;7963969
3005;7969040
3006;7974567
3007;7979436
3008;7985223
3009;7990302
3010;7995816
3011;8000850
3012;8006116
3013;8011407
3014;8016608
3015;8022041
3016;8027128
3017;8032796
3018;8037794
3019;8043282
3020;8048330
3021;8053776
3022;8059035
3023;8064830
3024;8069559
3025;8075449
3026;8080070
3027;8086241
3028;8091115
3029;8096877
3030;8102078
3031;8107266
3032;8112912
3033;8117755
3034;8123817
3035;8128620
3036;8134223
3037;8139104
3038;8144894
3039;8149938
3040;8155637
3041;8160336
3042;8166252
3043;8171089
3044;8177036
3045;8181805
3046;8187962
3047;8192846
3048;8198625
3049;8203373
3050;8209152
3051;8213873
3052;8219612
3053;8224452
3054;8229920
3055;8235345
3056;8240207
3057;8245663
3058;8250846
3059;8256502
3060;8261360
3061;8266970
3062;8271948
3063;8277438
3064;8282425
3065;8288215
3066;8293278
3067;8299122
3068;8304008
3069;8309834
3070;8314861
3071;8320432
3072;8325481
3073;8331361
3074;8336229
3075;8342897
3076;8348580
3077;8355580
3078;8361055
3079;8367919
3080;8373375
3081;8380243
3082;8384935
3083;8390853
3084;8395698
3085;8401455
3086;8406347
3087;8412270
3088;8417279
3089;8423042
3090;8427964
3091;8433664
3092;8438664
3093;8444409
3094;8449392
3095;8455158
3096;8460242
3097;8465748
3098;8471003
3099;8476823
3100;8481645
3101;8487240
3102;8492607
3103;8497754
3104;8503410
3105;8508445
3106;8514249
3107;8519210
3108;8525016
3109;8530024
3110;8536177
3111;8541044
3112;8547296
3113;8552044
3114;8558209
3115;8563029
3116;8568867
3117;8573928
3118;8579743
3119;8585021
3120;8590838
3121;8595668
3122;8601751
3123;8606755
3124;8612769
3125;8617918
3126;8623482
3127;8629182
3128;8634394
3129;8640606
3130;8645410
3131;8651647
3132;8656599
3133;8662552
3134;8667580
3135;8673466
3136;8678758
3137;8684526
3138;8689607
3139;8695646
3140;8700946
3141;8706700
3142;8711953
3143;8717448
3144;8722969
3145;8728396
3146;8734065
3147;8739373
3148;8745287
3149;8750502
3150;8756228
3151;8761495
3152;8767177
3153;8772664
3154;8778710
3155;8783644
3156;8789789
3157;8794610
3158;8801048
3159;8806133
3160;8812144
3161;8817570
3162;8822982
3163;8828872
3164;8833924
3165;8840248
3166;8845258
3167;8851103
3168;8856194
3169;8862234
3170;8867495
3171;8873440
3172;8878341
3173;8884512
3174;8889557
3175;8895760
3176;8900734
3177;8907156
3178;8912250
3179;8918277
3180;8923229
3181;8929256
3182;8934180
3183;8940165
3184;8945213
3185;8950915
3186;8956573
3187;8961643
3188;8967333
3189;8972738
3190;8978636
3191;8983702
3192;8989552
3193;8994743
3194;9000468
3195;9005668
3196;9011706
3197;9016985
3198;9023079
3199;9028173
3200;9034248
3201;9039489
3202;9045298
3203;9050562
3204;9056693
3205;9061768
3206;9068720
3207;9074645
3208;9081943
3209;9087651
3210;9094807
3211;9100495
3212;9107655
3213;9112547
3214;9118716
3215;9123767
3216;9129768
3217;9134868
3218;9141042
3219;9146264
3220;9152271
3221;9157402
3222;9163343
3223;9168555
3224;9174543
3225;9179737
3226;9185747
3227;9191046
3228;9196785
3229;9202262
3230;9208328
3231;9213354
3232;9219185
3233;9224779
3234;9230143
3235;9236038
3236;9241285
3237;9247334
3238;9252504
3239;9258555
3240;9263774
3241;9270186
3242;9275258
3243;9281773
3244;9286721
3245;9293145
3246;9298168
3247;9304251
3248;9309525
3249;9315584
3250;9321084
3251;9327145
3252;9332178
3253;9338516
3254;9343730
3255;9349996
3256;9355361
3257;9361158
3258;9367097
3259;9372527
3260;9378999
3261;9384004
3262;9390502
3263;9395661
3264;9401863
3265;9407101
3266;9413233
3267;9418746
3268;9424755
3269;9430048
3270;9436339
3271;9441860
3272;9447854
3273;9453326
3274;9459050
3275;9464801
3276;9470454
3277;9476359
3278;9481888
3279;9488048
3280;9493480
3281;9499444
3282;9504930
3283;9510848
3284;9516563
3285;9522860
3286;9527999
3287;9534399
3288;9539420
3289;9546125
3290;9551421
3291;9557681
3292;9563332
3293;9568968
3294;9575102
3295;9580363
3296;9586949
3297;9592166
3298;9598253
3299;9603554
3300;9609844
3301;9615322
3302;9621513
3303;9626616
3304;9633042
3305;9638295
3306;9644754
3307;9649933
3308;9656620
3309;9661924
3310;9668199
3311;9673355
3312;9679630
3313;9684757
3314;9690988
3315;9696244
3316;9702180
3317;9708071
3318;9713349
3319;9719273
3320;9724900
3321;9731040
3322;9736314
3323;9742404
3324;9747808
3325;9753768
3326;9759181
3327;9765467
3328;9770962
3329;9777306
3330;9782608
3331;9788932
3332;9794387
3333;9800434
3334;9805913
3335;9812295
3336;9817577
3337;9824813
3338;9830980
3339;9838576
3340;9844517
3341;9851965
3342;9857885
3343;9865337
3344;9870429
3345;9876849
3346;9882106
3347;9888351
3348;9893659
3349;9900084
3350;9905519
3351;9911770
3352;9917110
3353;9923292
3354;9928716
3355;9934947
3356;9940352
3357;9946606
3358;9952120
3359;9958092
3360;9963791
3361;9970103
3362;9975333
3363;9981400
3364;9987221
3365;9992802
3366;9998936
3367;10004395
3368;10010689
3369;10016068
3370;10022364
3371;10027794
3372;10034465
3373;10039742
3374;10046520
3375;10051668
3376;10058351
3377;10063577
3378;10069905
3379;10075392
3380;10081695
3381;10087417
3382;10093722
3383;10098958
3384;10105551
3385;10110975
3386;10117493
3387;10123074
3388;10129104
3389;10135282
3390;10140930
3391;10147662
3392;10152868
3393;10159627
3394;10164993
3395;10171444
3396;10176892
3397;10183270
3398;10189004
3399;10195254
3400;10200759
3401;10207302
3402;10213044
3403;10219278
3404;10224969
3405;10230922
3406;10236903
3407;10242782
3408;10248923
3409;10254673
3410;10261079
3411;10266728
3412;10272930
3413;10278635
3414;10284789
3415;10290732
3416;10297280
3417;10302624
3418;10309279
3419;10314500
3420;10321472
3421;10326979
3422;10333488
3423;10339364
3424;10345224
3425;10351602
3426;10357072
3427;10363920
3428;10369344
3429;10375673
3430;10381184
3431;10387724
3432;10393419
3433;10399856
